16,9,799.95,751.40,76.49,127.60,1,-1,-1,-1
17,9,797.61,747.79,78.28,131.21,1,-1,-1,-1
18,9,795.59,745.22,79.28,133.78,1,-1,-1,-1
19,9,792.66,741.61,80.64,137.39,1,-1,-1,-1
20,9,792.15,741.10,80.16,137.90,1,-1,-1,-1
21,9,790.11,740.35,79.74,138.65,1,-1,-1,-1
22,9,788.19,739.49,79.33,139.51,1,-1,-1,-1
23,9,785.48,737.92,79.26,141.08,1,-1,-1,-1
24,9,783.18,736.06,79.28,142.94,1,-1,-1,-1
25,9,780.02,733.45,79.37,144.89,1,-1,-1,-1
26,9,778.24,731.21,78.71,145.57,1,-1,-1,-1
27,9,776.75,730.42,76.96,144.44,1,-1,-1,-1
28,9,774.45,728.22,75.94,144.60,1,-1,-1,-1
29,9,772.57,725.48,75.10,144.61,1,-1,-1,-1
30,9,770.47,723.19,75.06,145.89,1,-1,-1,-1
31,9,768.09,721.23,75.62,146.97,1,-1,-1,-1
32,11,1108.34,569.56,59.78,116.42,1,-1,-1,-1
33,11,1107.43,570.05,59.61,115.91,1,-1,-1,-1
34,11,1107.10,569.42,59.65,115.79,1,-1,-1,-1
35,9,762.63,714.85,75.19,148.31,1,-1,-1,-1
35,11,1106.25,569.91,59.77,115.79,1,-1,-1,-1
36,9,762.01,713.70,74.27,148.35,1,-1,-1,-1
36,11,1105.92,570.06,60.63,117.22,1,-1,-1,-1
37,9,760.44,710.65,74.70,151.02,1,-1,-1,-1
37,11,1104.93,570.10,61.34,118.42,1,-1,-1,-1
38,9,758.47,708.75,75.16,151.96,1,-1,-1,-1
38,11,1104.45,570.34,61.43,118.59,1,-1,-1,-1
39,11,1104.48,570.11,61.72,118.95,1,-1,-1,-1
40,11,1104.40,570.09,61.87,119.04,1,-1,-1,-1
41,11,1103.31,570.08,62.07,119.07,1,-1,-1,-1
42,11,1102.87,570.20,62.15,119.23,1,-1,-1,-1
43,11,1102.25,570.07,62.52,119.87,1,-1,-1,-1
44,11,1102.50,570.05,62.43,119.35,1,-1,-1,-1
45,9,747.16,689.32,73.67,154.23,1,-1,-1,-1
45,11,1102.13,570.14,62.50,119.48,1,-1,-1,-1
46,9,746.38,686.99,72.11,154.95,1,-1,-1,-1
47,9,744.52,684.62,72.40,155.57,1,-1,-1,-1
52,9,737.26,672.06,68.57,149.69,1,-1,-1,-1
53,9,736.25,669.19,67.37,149.16,1,-1,-1,-1
54,9,734.55,666.71,67.28,148.98,1,-1,-1,-1
69,9,719.28,630.00,63.23,145.01,1,-1,-1,-1
70,9,718.09,627.54,63.11,144.76,1,-1,-1,-1
77,9,705.43,613.85,60.60,140.12,1,-1,-1,-1
78,9,702.43,610.50,60.39,139.89,1,-1,-1,-1
79,9,701.78,608.07,60.32,140.48,1,-1,-1,-1
80,9,700.17,605.76,60.17,140.15,1,-1,-1,-1
92,9,686.57,581.93,58.65,139.93,1,-1,-1,-1
93,9,685.28,579.87,58.61,139.84,1,-1,-1,-1
99,9,678.20,569.86,57.57,139.96,1,-1,-1,-1
100,9,676.92,568.00,57.56,139.92,1,-1,-1,-1
100,28,571.57,185.97,51.86,103.79,1,-1,-1,-1
101,9,676.27,566.03,55.63,136.01,1,-1,-1,-1
101,28,571.45,185.60,52.11,104.30,1,-1,-1,-1
102,9,675.38,564.73,55.08,135.18,1,-1,-1,-1
103,9,674.18,562.92,54.89,134.71,1,-1,-1,-1
141,35,11.56,787.64,85.66,91.36,1,-1,-1,-1
142,35,11.99,785.29,87.34,93.71,1,-1,-1,-1
143,35,12.20,782.42,89.18,96.58,1,-1,-1,-1
144,35,11.98,780.36,91.09,98.64,1,-1,-1,-1
155,41,577.12,134.22,50.53,97.22,1,-1,-1,-1
156,41,577.31,133.21,50.35,96.98,1,-1,-1,-1
157,41,577.56,131.43,50.67,97.66,1,-1,-1,-1
158,41,577.73,130.52,50.66,97.64,1,-1,-1,-1
159,44,896.24,628.98,67.72,142.22,1,-1,-1,-1
160,44,895.22,628.19,67.96,142.74,1,-1,-1,-1
161,44,894.12,626.47,68.14,142.92,1,-1,-1,-1
162,44,894.06,625.92,67.63,141.56,1,-1,-1,-1
163,44,893.96,623.65,67.68,141.08,1,-1,-1,-1
164,44,892.94,620.12,67.64,140.23,1,-1,-1,-1
165,44,891.25,617.52,68.25,140.63,1,-1,-1,-1
166,41,576.80,125.94,50.50,97.99,1,-1,-1,-1
166,44,889.78,616.64,68.88,140.79,1,-1,-1,-1
167,41,576.05,125.08,50.52,98.70,1,-1,-1,-1
167,44,888.13,615.71,69.38,140.86,1,-1,-1,-1
168,41,575.89,123.47,50.35,98.93,1,-1,-1,-1
168,44,887.32,614.26,69.29,140.68,1,-1,-1,-1
169,41,575.74,122.67,50.40,99.04,1,-1,-1,-1
170,41,576.68,121.97,50.12,99.03,1,-1,-1,-1
171,41,577.39,121.06,49.72,98.37,1,-1,-1,-1
171,44,884.48,611.78,70.01,140.01,1,-1,-1,-1
172,41,577.42,120.26,49.72,98.38,1,-1,-1,-1
172,44,883.69,610.53,69.92,139.82,1,-1,-1,-1
173,41,577.87,120.67,49.18,97.30,1,-1,-1,-1
174,41,578.12,120.00,48.77,96.38,1,-1,-1,-1
175,41,578.22,119.33,48.67,96.19,1,-1,-1,-1
176,44,877.73,605.96,70.91,139.00,1,-1,-1,-1
177,41,578.34,118.00,49.22,97.67,1,-1,-1,-1
177,44,876.75,604.75,70.81,138.81,1,-1,-1,-1
177,50,483.14,747.86,68.16,131.14,1,-1,-1,-1
178,41,578.42,116.43,49.17,97.89,1,-1,-1,-1
178,50,482.60,746.76,68.71,132.24,1,-1,-1,-1
179,41,578.50,115.66,49.18,97.92,1,-1,-1,-1
179,50,481.83,745.19,69.53,133.81,1,-1,-1,-1
180,50,480.99,741.40,70.94,136.75,1,-1,-1,-1
181,50,478.51,738.40,72.25,139.59,1,-1,-1,-1
182,50,476.36,736.06,73.28,141.88,1,-1,-1,-1
183,50,475.58,733.94,73.68,143.32,1,-1,-1,-1
184,50,474.70,730.57,73.73,144.44,1,-1,-1,-1
185,50,473.31,724.75,74.59,147.43,1,-1,-1,-1
186,50,471.93,721.98,74.70,149.15,1,-1,-1,-1
187,50,471.16,718.41,74.65,150.39,1,-1,-1,-1
188,50,469.74,715.18,74.32,151.44,1,-1,-1,-1
189,50,469.39,712.74,73.21,150.46,1,-1,-1,-1
190,50,468.11,709.87,73.94,151.96,1,-1,-1,-1
194,50,463.87,699.85,71.62,148.93,1,-1,-1,-1
195,50,462.63,697.10,71.95,149.63,1,-1,-1,-1
196,50,460.60,691.68,70.63,148.47,1,-1,-1,-1
197,50,460.96,688.21,69.92,148.31,1,-1,-1,-1
198,50,461.14,685.71,69.58,148.25,1,-1,-1,-1
199,50,460.77,684.89,68.44,146.89,1,-1,-1,-1
200,50,461.22,683.37,68.24,147.02,1,-1,-1,-1
201,50,460.69,681.58,68.28,147.73,1,-1,-1,-1
202,50,460.35,679.68,68.00,147.33,1,-1,-1,-1
203,50,459.48,677.74,68.10,147.83,1,-1,-1,-1
204,50,459.62,674.46,68.58,149.33,1,-1,-1,-1
205,50,458.91,671.97,68.74,149.68,1,-1,-1,-1
207,50,455.18,663.63,66.91,145.85,1,-1,-1,-1
207,54,980.63,761.87,79.36,117.13,1,-1,-1,-1
208,50,453.94,659.56,67.21,146.61,1,-1,-1,-1
208,54,977.46,757.81,81.86,121.19,1,-1,-1,-1
209,50,453.52,657.53,67.33,147.53,1,-1,-1,-1
209,54,975.02,755.10,83.39,123.90,1,-1,-1,-1
210,50,453.60,655.55,66.96,147.21,1,-1,-1,-1
210,54,973.78,753.57,84.09,125.43,1,-1,-1,-1
211,50,452.25,654.25,66.35,146.43,1,-1,-1,-1
211,54,972.44,751.77,84.88,127.23,1,-1,-1,-1
212,50,451.71,652.55,66.25,146.79,1,-1,-1,-1
212,54,972.34,750.53,85.17,128.47,1,-1,-1,-1
213,50,451.20,652.00,65.57,145.61,1,-1,-1,-1
213,54,971.32,748.82,85.33,129.51,1,-1,-1,-1
214,50,450.54,650.57,64.99,144.50,1,-1,-1,-1
214,54,970.85,747.60,85.65,131.14,1,-1,-1,-1
215,50,449.97,648.13,64.82,144.09,1,-1,-1,-1
215,54,970.11,745.90,85.65,132.34,1,-1,-1,-1
216,50,449.37,645.31,64.94,144.60,1,-1,-1,-1
216,54,969.64,744.01,84.77,132.07,1,-1,-1,-1
217,50,448.70,641.69,65.27,145.47,1,-1,-1,-1
217,54,968.98,741.38,84.81,133.21,1,-1,-1,-1
218,50,448.34,638.43,65.02,145.14,1,-1,-1,-1
218,54,968.61,739.14,85.13,134.90,1,-1,-1,-1
219,50,448.54,635.31,64.97,145.02,1,-1,-1,-1
219,54,966.51,735.74,85.96,137.46,1,-1,-1,-1
220,50,447.91,632.71,64.93,144.93,1,-1,-1,-1
220,54,965.13,733.58,86.98,139.09,1,-1,-1,-1
221,58,287.82,111.00,46.35,98.78,1,-1,-1,-1
222,50,448.61,630.47,64.18,143.27,1,-1,-1,-1
222,58,287.77,110.24,46.45,99.02,1,-1,-1,-1
223,50,449.25,629.43,63.69,142.32,1,-1,-1,-1
223,58,287.71,109.98,46.59,99.32,1,-1,-1,-1
224,50,450.03,627.75,63.74,142.67,1,-1,-1,-1
224,58,287.77,110.81,46.46,99.09,1,-1,-1,-1
225,50,450.89,625.22,63.96,143.47,1,-1,-1,-1
225,58,287.79,109.51,46.43,99.08,1,-1,-1,-1
226,50,452.02,623.02,63.77,143.78,1,-1,-1,-1
226,58,288.64,109.07,46.10,98.38,1,-1,-1,-1
227,50,453.58,620.29,63.43,143.90,1,-1,-1,-1
227,58,289.09,108.25,45.70,97.44,1,-1,-1,-1
228,50,455.74,617.36,63.45,144.61,1,-1,-1,-1
228,58,289.26,107.87,45.63,97.29,1,-1,-1,-1
229,50,457.38,615.02,63.11,144.88,1,-1,-1,-1
229,58,290.07,107.90,45.55,97.03,1,-1,-1,-1
230,50,458.27,612.24,63.09,145.64,1,-1,-1,-1
230,58,290.33,107.57,45.47,96.86,1,-1,-1,-1
231,50,458.92,610.62,62.41,144.60,1,-1,-1,-1
232,50,460.40,608.78,62.27,144.87,1,-1,-1,-1
233,50,461.75,608.17,61.26,142.99,1,-1,-1,-1
233,61,854.85,534.77,59.55,136.98,1,-1,-1,-1
234,50,463.24,606.70,60.87,142.27,1,-1,-1,-1
234,61,854.78,533.45,59.52,136.95,1,-1,-1,-1
235,50,464.19,605.57,60.54,141.35,1,-1,-1,-1
235,61,854.79,533.08,59.46,136.82,1,-1,-1,-1
235,62,165.46,232.78,49.87,107.42,1,-1,-1,-1
236,50,464.54,603.89,61.04,142.34,1,-1,-1,-1
236,61,852.99,531.25,58.74,135.24,1,-1,-1,-1
236,62,166.49,231.48,50.40,108.45,1,-1,-1,-1
237,50,464.87,601.35,60.78,141.40,1,-1,-1,-1
237,61,851.48,529.43,58.79,135.66,1,-1,-1,-1
237,62,167.16,230.32,50.58,108.81,1,-1,-1,-1
238,50,465.83,598.47,60.28,139.72,1,-1,-1,-1
238,61,852.07,528.16,58.05,133.73,1,-1,-1,-1
238,62,167.24,228.52,50.87,109.65,1,-1,-1,-1
238,63,2.06,591.22,28.68,138.97,1,-1,-1,-1
239,50,466.58,596.43,60.10,139.31,1,-1,-1,-1
239,61,852.67,527.74,57.77,133.05,1,-1,-1,-1
239,62,167.76,227.71,50.95,109.83,1,-1,-1,-1
239,63,2.60,590.97,28.64,138.14,1,-1,-1,-1
240,61,852.42,526.86,57.52,132.46,1,-1,-1,-1
240,63,2.99,588.69,28.17,134.93,1,-1,-1,-1
241,63,3.35,586.50,28.21,133.90,1,-1,-1,-1
242,62,168.19,222.28,50.87,110.03,1,-1,-1,-1
242,63,3.88,583.68,28.82,135.03,1,-1,-1,-1
243,62,168.74,221.73,50.52,109.35,1,-1,-1,-1
243,63,4.38,582.17,28.66,134.28,1,-1,-1,-1
244,61,853.51,521.17,57.58,132.79,1,-1,-1,-1
244,62,169.48,221.55,50.65,109.80,1,-1,-1,-1
245,61,852.78,520.02,57.17,132.15,1,-1,-1,-1
245,62,169.90,220.55,50.69,109.88,1,-1,-1,-1
246,61,852.86,519.64,57.07,131.94,1,-1,-1,-1
247,61,853.05,518.20,57.37,132.53,1,-1,-1,-1
248,50,481.69,574.12,59.09,137.93,1,-1,-1,-1
248,61,852.99,517.13,57.28,132.31,1,-1,-1,-1
249,50,483.63,572.63,58.45,136.52,1,-1,-1,-1
250,50,485.02,570.38,58.29,136.17,1,-1,-1,-1
250,61,852.61,515.84,56.92,131.13,1,-1,-1,-1
251,61,852.53,514.86,56.79,130.83,1,-1,-1,-1
253,61,852.10,511.27,56.83,130.89,1,-1,-1,-1
254,61,852.00,510.12,56.73,130.66,1,-1,-1,-1
260,67,882.79,746.42,67.86,132.58,1,-1,-1,-1
261,67,880.78,745.10,68.33,133.14,1,-1,-1,-1
262,67,878.61,744.00,69.36,134.73,1,-1,-1,-1
263,67,875.87,741.55,70.24,135.94,1,-1,-1,-1
264,67,873.38,738.66,71.64,138.39,1,-1,-1,-1
265,67,871.59,736.97,72.33,139.74,1,-1,-1,-1
271,71,609.62,748.21,67.97,130.79,1,-1,-1,-1
272,71,609.23,745.65,69.24,133.35,1,-1,-1,-1
273,71,609.35,743.39,69.89,134.88,1,-1,-1,-1
274,71,607.87,739.85,71.05,137.47,1,-1,-1,-1
275,71,606.79,737.28,71.89,139.71,1,-1,-1,-1
276,71,605.89,733.03,73.22,143.17,1,-1,-1,-1
277,71,604.67,729.54,74.17,146.39,1,-1,-1,-1
278,71,603.80,726.96,75.27,148.56,1,-1,-1,-1
279,71,603.40,724.87,74.47,148.60,1,-1,-1,-1
280,71,604.27,724.14,72.99,146.78,1,-1,-1,-1
281,71,603.58,721.84,73.72,148.26,1,-1,-1,-1
283,71,602.68,717.88,73.74,149.35,1,-1,-1,-1
284,71,603.02,715.89,73.46,149.52,1,-1,-1,-1
285,71,602.99,712.57,72.99,148.91,1,-1,-1,-1
286,71,602.87,708.10,73.06,149.96,1,-1,-1,-1
287,71,603.75,705.18,71.91,148.35,1,-1,-1,-1
288,71,603.91,701.53,71.18,147.69,1,-1,-1,-1
289,71,603.12,697.61,71.30,149.40,1,-1,-1,-1
290,71,601.99,695.57,71.05,150.03,1,-1,-1,-1
291,71,601.58,693.59,70.93,150.90,1,-1,-1,-1
292,71,601.21,690.97,70.69,151.20,1,-1,-1,-1
293,71,600.59,689.42,70.94,151.95,1,-1,-1,-1
294,71,600.25,688.27,70.61,151.55,1,-1,-1,-1
295,71,599.27,687.27,70.23,150.71,1,-1,-1,-1
296,71,599.34,685.67,69.92,149.71,1,-1,-1,-1
297,71,598.28,683.17,69.34,148.00,1,-1,-1,-1
298,71,598.32,680.98,68.95,147.34,1,-1,-1,-1
299,71,597.74,676.93,69.39,148.43,1,-1,-1,-1
300,71,597.25,673.51,68.79,147.51,1,-1,-1,-1
301,71,596.73,669.67,69.28,149.15,1,-1,-1,-1
302,71,595.88,667.00,69.50,149.76,1,-1,-1,-1
303,71,595.31,664.32,69.59,149.97,1,-1,-1,-1
304,71,594.69,663.48,69.67,149.26,1,-1,-1,-1
305,71,593.55,661.67,70.22,149.80,1,-1,-1,-1
306,71,593.06,660.41,69.95,148.66,1,-1,-1,-1
307,71,592.48,658.12,69.96,148.67,1,-1,-1,-1
309,71,593.25,653.93,68.13,143.88,1,-1,-1,-1
309,75,526.45,458.19,56.14,127.24,1,-1,-1,-1
310,71,592.89,651.68,67.91,143.41,1,-1,-1,-1
310,75,527.69,457.12,56.05,127.02,1,-1,-1,-1
311,71,590.63,647.49,68.51,144.58,1,-1,-1,-1
311,75,529.35,456.08,55.67,126.22,1,-1,-1,-1
312,71,590.25,645.01,69.01,145.45,1,-1,-1,-1
312,75,530.27,455.20,55.52,125.88,1,-1,-1,-1
313,71,589.83,642.19,69.13,145.76,1,-1,-1,-1
313,75,530.92,450.70,55.28,125.09,1,-1,-1,-1
314,71,588.77,640.56,69.68,147.20,1,-1,-1,-1
314,75,531.79,449.13,55.09,124.66,1,-1,-1,-1
315,71,587.37,639.37,69.31,146.43,1,-1,-1,-1
316,71,587.66,639.68,68.89,145.47,1,-1,-1,-1
316,75,530.24,444.24,55.33,124.86,1,-1,-1,-1
317,71,586.99,637.24,69.02,145.78,1,-1,-1,-1
317,75,530.04,442.83,56.10,126.26,1,-1,-1,-1
318,71,585.71,634.41,68.53,144.57,1,-1,-1,-1
318,75,530.40,441.07,56.07,126.20,1,-1,-1,-1
319,71,584.15,632.10,68.56,144.79,1,-1,-1,-1
320,71,582.32,629.98,68.47,144.21,1,-1,-1,-1
321,71,581.84,628.61,68.06,143.34,1,-1,-1,-1
322,71,582.11,626.85,67.75,142.36,1,-1,-1,-1
323,71,582.59,624.94,67.62,142.00,1,-1,-1,-1
324,71,582.51,622.31,68.14,143.20,1,-1,-1,-1
324,75,528.42,429.08,56.57,127.89,1,-1,-1,-1
325,71,581.73,619.42,69.21,145.65,1,-1,-1,-1
325,75,529.02,427.06,55.79,125.93,1,-1,-1,-1
325,84,336.02,745.44,59.70,133.56,1,-1,-1,-1
326,71,581.47,617.74,68.94,145.26,1,-1,-1,-1
326,75,529.31,425.05,55.34,125.28,1,-1,-1,-1
326,84,334.76,742.68,60.89,136.32,1,-1,-1,-1
327,71,581.56,616.53,69.15,145.77,1,-1,-1,-1
327,75,530.25,423.71,54.85,124.38,1,-1,-1,-1
327,84,334.07,740.35,61.83,138.65,1,-1,-1,-1
328,71,580.99,615.49,68.51,143.98,1,-1,-1,-1
328,75,530.49,422.62,54.87,124.71,1,-1,-1,-1
328,84,332.67,738.92,62.40,140.08,1,-1,-1,-1
329,71,580.61,614.52,67.30,140.64,1,-1,-1,-1
329,75,530.76,421.62,55.18,125.51,1,-1,-1,-1
329,84,331.53,738.48,62.51,140.52,1,-1,-1,-1
330,71,580.18,612.71,67.08,140.19,1,-1,-1,-1
330,75,531.12,420.64,54.78,124.49,1,-1,-1,-1
330,84,330.91,737.03,63.02,141.97,1,-1,-1,-1
331,75,531.47,420.34,54.16,122.78,1,-1,-1,-1
331,84,331.00,735.89,63.29,143.11,1,-1,-1,-1
331,87,735.73,620.87,60.69,128.33,1,-1,-1,-1
332,75,531.44,419.63,54.25,122.81,1,-1,-1,-1
332,84,331.14,734.18,63.21,143.49,1,-1,-1,-1
332,87,734.92,619.57,61.06,129.12,1,-1,-1,-1
333,71,577.23,601.69,67.79,141.65,1,-1,-1,-1
333,75,532.31,418.09,53.83,121.51,1,-1,-1,-1
333,84,330.53,732.78,63.75,144.70,1,-1,-1,-1
334,71,576.64,599.34,67.70,141.47,1,-1,-1,-1
334,75,532.88,416.24,53.86,121.03,1,-1,-1,-1
335,75,532.57,414.93,53.55,120.20,1,-1,-1,-1
336,75,532.59,411.84,53.83,120.58,1,-1,-1,-1
337,71,572.55,592.92,69.26,144.55,1,-1,-1,-1
337,75,532.69,409.41,53.74,120.07,1,-1,-1,-1
338,71,571.79,592.24,69.37,144.91,1,-1,-1,-1
338,75,532.39,407.90,53.69,119.89,1,-1,-1,-1
339,71,571.15,590.70,69.50,145.03,1,-1,-1,-1
339,75,532.57,406.22,53.53,119.53,1,-1,-1,-1
339,92,271.33,739.19,60.33,136.02,1,-1,-1,-1
340,71,570.37,588.63,69.58,145.20,1,-1,-1,-1
340,75,532.21,405.68,52.97,118.25,1,-1,-1,-1
340,92,271.20,738.50,60.41,136.20,1,-1,-1,-1
341,75,531.34,404.72,53.10,118.61,1,-1,-1,-1
341,87,714.61,606.02,62.10,131.06,1,-1,-1,-1
341,94,385.27,427.21,50.68,122.79,1,-1,-1,-1
342,75,530.91,403.74,52.73,117.42,1,-1,-1,-1
342,87,712.02,604.16,61.72,130.41,1,-1,-1,-1
342,94,384.97,424.65,51.03,123.83,1,-1,-1,-1
343,71,567.92,582.05,66.62,139.78,1,-1,-1,-1
343,75,530.96,402.10,52.84,117.65,1,-1,-1,-1
343,87,709.45,601.55,62.37,132.22,1,-1,-1,-1
343,94,385.27,423.12,51.10,124.14,1,-1,-1,-1
344,71,567.51,579.98,65.87,138.42,1,-1,-1,-1
344,75,530.19,400.22,53.14,118.42,1,-1,-1,-1
344,87,707.93,599.31,62.55,133.54,1,-1,-1,-1
344,94,384.77,424.09,50.21,122.07,1,-1,-1,-1
344,96,15.28,224.00,46.58,93.22,1,-1,-1,-1
345,71,565.26,577.29,65.84,138.65,1,-1,-1,-1
345,75,530.20,397.58,53.33,118.72,1,-1,-1,-1
345,87,705.71,597.86,62.75,134.68,1,-1,-1,-1
345,94,384.62,423.79,49.85,121.31,1,-1,-1,-1
345,96,16.10,224.00,46.42,92.90,1,-1,-1,-1
346,71,564.10,575.04,65.88,138.75,1,-1,-1,-1
346,75,529.65,395.32,53.85,120.16,1,-1,-1,-1
346,84,324.34,710.09,66.34,153.14,1,-1,-1,-1
346,87,704.36,597.38,62.03,133.78,1,-1,-1,-1
346,94,385.03,423.03,49.50,120.36,1,-1,-1,-1
346,96,15.70,224.88,46.84,93.83,1,-1,-1,-1
347,71,563.13,572.87,65.72,138.40,1,-1,-1,-1
347,75,529.52,391.89,54.57,122.03,1,-1,-1,-1
347,84,324.61,709.52,65.57,153.27,1,-1,-1,-1
347,87,703.61,597.27,61.07,132.08,1,-1,-1,-1
347,94,385.30,422.10,49.16,119.33,1,-1,-1,-1
347,96,16.47,225.03,46.85,93.96,1,-1,-1,-1
348,75,529.12,389.35,54.89,122.73,1,-1,-1,-1
348,84,324.11,707.95,65.87,153.98,1,-1,-1,-1
348,87,701.72,595.89,61.15,132.26,1,-1,-1,-1
348,94,384.70,420.43,49.08,118.97,1,-1,-1,-1
348,96,17.01,225.25,46.87,94.00,1,-1,-1,-1
349,75,529.23,389.10,54.50,121.68,1,-1,-1,-1
349,94,384.59,419.56,48.91,118.57,1,-1,-1,-1
350,75,529.38,389.09,54.15,120.61,1,-1,-1,-1
351,75,529.95,387.83,53.66,118.87,1,-1,-1,-1
351,94,385.03,416.25,48.70,117.97,1,-1,-1,-1
352,75,530.75,386.76,53.63,118.23,1,-1,-1,-1
352,94,384.57,414.37,49.02,118.56,1,-1,-1,-1
353,75,530.57,385.09,53.92,118.65,1,-1,-1,-1
353,94,384.11,413.07,49.09,118.77,1,-1,-1,-1
354,71,559.12,560.86,64.51,133.13,1,-1,-1,-1
354,75,530.73,383.85,54.25,119.48,1,-1,-1,-1
354,87,690.68,586.09,58.77,127.35,1,-1,-1,-1
354,94,383.98,411.89,49.00,118.56,1,-1,-1,-1
355,71,556.17,557.58,65.89,134.27,1,-1,-1,-1
355,75,531.21,382.12,54.19,119.14,1,-1,-1,-1
355,87,688.35,584.17,58.67,127.01,1,-1,-1,-1
356,71,554.36,554.51,67.36,135.95,1,-1,-1,-1
356,75,531.08,380.21,54.12,119.02,1,-1,-1,-1
356,87,686.65,581.54,59.16,128.24,1,-1,-1,-1
356,94,384.20,410.78,48.50,117.17,1,-1,-1,-1
357,71,553.05,550.80,68.60,137.91,1,-1,-1,-1
357,75,531.56,377.56,54.34,119.63,1,-1,-1,-1
357,87,684.76,579.87,59.10,128.09,1,-1,-1,-1
357,94,383.93,410.61,48.34,116.27,1,-1,-1,-1
358,71,551.86,549.47,69.20,138.65,1,-1,-1,-1
358,75,531.88,375.30,54.15,119.21,1,-1,-1,-1
358,94,383.84,409.66,48.18,115.89,1,-1,-1,-1
359,71,551.01,548.40,69.64,138.93,1,-1,-1,-1
359,75,531.31,374.51,53.46,117.73,1,-1,-1,-1
359,94,383.84,409.72,47.44,113.54,1,-1,-1,-1
360,71,550.52,548.08,69.57,138.37,1,-1,-1,-1
360,75,531.09,373.62,53.19,117.17,1,-1,-1,-1
360,94,383.78,408.88,47.19,112.95,1,-1,-1,-1
361,71,549.52,546.06,69.91,138.82,1,-1,-1,-1
361,75,529.93,372.02,53.26,117.63,1,-1,-1,-1
361,94,383.02,406.42,48.05,114.46,1,-1,-1,-1
362,71,548.90,544.71,69.93,138.32,1,-1,-1,-1
362,75,529.01,371.48,52.95,117.15,1,-1,-1,-1
362,94,382.54,404.45,48.82,116.06,1,-1,-1,-1
363,71,548.05,542.85,69.96,138.38,1,-1,-1,-1
363,75,528.69,370.67,52.78,116.98,1,-1,-1,-1
363,94,382.50,401.79,49.50,117.96,1,-1,-1,-1
364,75,528.09,368.44,53.03,117.59,1,-1,-1,-1
364,94,382.52,399.51,49.70,118.67,1,-1,-1,-1
365,75,527.60,366.99,53.02,117.82,1,-1,-1,-1
365,94,382.44,397.38,49.96,119.60,1,-1,-1,-1
366,75,527.30,364.52,52.61,117.25,1,-1,-1,-1
366,94,382.99,395.97,50.22,120.60,1,-1,-1,-1
367,75,527.01,362.32,52.82,117.70,1,-1,-1,-1
367,94,382.59,394.83,50.23,120.97,1,-1,-1,-1
368,75,527.01,360.89,52.04,115.90,1,-1,-1,-1
368,94,383.13,393.79,50.16,121.10,1,-1,-1,-1
369,75,527.46,358.42,52.22,115.88,1,-1,-1,-1
369,94,382.83,393.45,49.83,120.48,1,-1,-1,-1
370,71,542.30,526.17,69.42,137.08,1,-1,-1,-1
370,75,526.92,356.24,52.38,115.88,1,-1,-1,-1
370,94,382.42,392.72,48.97,118.25,1,-1,-1,-1
371,71,542.01,524.70,69.47,137.00,1,-1,-1,-1
371,75,527.10,354.82,52.38,115.23,1,-1,-1,-1
371,94,382.26,391.83,48.67,117.40,1,-1,-1,-1
372,71,542.42,522.87,69.12,136.31,1,-1,-1,-1
372,75,526.95,353.09,52.26,114.97,1,-1,-1,-1
372,94,382.02,390.22,48.26,116.42,1,-1,-1,-1
373,71,541.77,520.82,69.05,136.17,1,-1,-1,-1
373,94,382.11,388.33,48.43,116.73,1,-1,-1,-1
374,71,539.64,519.73,68.65,135.22,1,-1,-1,-1
374,75,527.55,351.64,51.65,113.22,1,-1,-1,-1
374,94,381.20,386.35,48.39,116.19,1,-1,-1,-1
375,71,538.12,516.57,68.46,135.00,1,-1,-1,-1
375,75,527.31,350.04,52.21,114.33,1,-1,-1,-1
375,94,381.02,384.96,48.30,115.97,1,-1,-1,-1
376,71,536.03,513.50,68.21,134.26,1,-1,-1,-1
376,75,527.60,348.83,52.32,114.70,1,-1,-1,-1
376,94,381.06,382.34,48.64,116.73,1,-1,-1,-1
377,71,535.02,511.30,68.07,133.97,1,-1,-1,-1
377,75,527.85,347.11,52.09,114.18,1,-1,-1,-1
377,94,380.48,381.62,48.49,116.20,1,-1,-1,-1
378,75,527.44,345.20,52.36,114.66,1,-1,-1,-1
378,94,380.38,380.73,48.24,115.35,1,-1,-1,-1
379,75,527.27,342.55,52.49,114.84,1,-1,-1,-1
379,94,380.19,379.36,48.14,115.11,1,-1,-1,-1
380,75,526.41,338.97,52.83,115.58,1,-1,-1,-1
381,75,525.93,337.69,52.60,115.20,1,-1,-1,-1
381,94,380.31,379.48,48.18,114.95,1,-1,-1,-1
382,75,525.64,336.61,52.74,115.72,1,-1,-1,-1
382,94,380.68,379.50,48.14,114.92,1,-1,-1,-1
383,75,525.45,334.87,52.75,115.74,1,-1,-1,-1
383,94,381.10,378.84,48.23,114.91,1,-1,-1,-1
384,75,525.05,333.03,52.96,116.73,1,-1,-1,-1
384,94,380.45,377.31,48.54,115.58,1,-1,-1,-1
385,75,524.82,331.27,53.01,116.85,1,-1,-1,-1
385,94,380.32,376.11,48.44,115.17,1,-1,-1,-1
385,97,1.79,443.20,5.98,107.44,1,-1,-1,-1
386,71,528.71,497.81,66.42,130.04,1,-1,-1,-1
386,94,380.53,374.37,48.55,115.02,1,-1,-1,-1
386,97,2.01,442.16,6.02,106.95,1,-1,-1,-1
387,71,527.91,496.07,66.23,129.66,1,-1,-1,-1
387,94,379.80,372.43,48.91,115.63,1,-1,-1,-1
387,97,2.32,441.47,5.99,106.36,1,-1,-1,-1
388,71,526.08,492.47,67.09,129.85,1,-1,-1,-1
388,94,379.54,369.76,49.67,117.18,1,-1,-1,-1
389,71,524.88,489.49,68.04,131.88,1,-1,-1,-1
389,75,523.62,325.85,51.94,113.38,1,-1,-1,-1
389,94,379.67,366.83,50.16,118.43,1,-1,-1,-1
389,99,405.50,651.41,54.81,133.46,1,-1,-1,-1
390,71,523.30,486.49,68.73,133.26,1,-1,-1,-1
390,75,523.38,324.23,51.84,113.15,1,-1,-1,-1
390,94,379.86,365.76,50.08,118.24,1,-1,-1,-1
390,99,405.72,649.33,54.67,133.00,1,-1,-1,-1
391,71,522.33,484.12,69.79,135.10,1,-1,-1,-1
391,94,379.91,364.76,50.09,118.81,1,-1,-1,-1
391,99,406.09,647.95,54.49,132.54,1,-1,-1,-1
392,71,521.73,482.64,70.08,135.13,1,-1,-1,-1
392,94,379.88,363.77,50.20,119.68,1,-1,-1,-1
393,71,520.81,480.53,70.22,135.40,1,-1,-1,-1
393,94,380.21,362.79,50.21,120.00,1,-1,-1,-1
394,94,380.33,362.47,49.57,118.79,1,-1,-1,-1
395,94,380.30,361.24,49.63,118.95,1,-1,-1,-1
396,75,523.95,316.87,50.90,111.04,1,-1,-1,-1
396,94,379.76,361.56,48.19,115.13,1,-1,-1,-1
397,75,523.88,315.45,50.76,110.75,1,-1,-1,-1
397,94,379.59,360.16,47.97,114.27,1,-1,-1,-1
398,94,378.71,359.02,48.20,114.65,1,-1,-1,-1
399,75,523.49,312.94,51.01,110.88,1,-1,-1,-1
399,94,378.25,356.64,48.56,115.46,1,-1,-1,-1
400,75,523.23,309.81,51.46,110.89,1,-1,-1,-1
400,94,378.74,355.13,48.71,115.78,1,-1,-1,-1
401,75,522.66,306.75,51.91,111.56,1,-1,-1,-1
401,94,378.38,353.95,48.55,115.24,1,-1,-1,-1
402,75,521.90,304.34,52.52,112.48,1,-1,-1,-1
402,94,378.90,353.55,48.52,115.04,1,-1,-1,-1
403,75,521.57,303.50,52.83,112.83,1,-1,-1,-1
403,94,378.42,352.13,48.54,114.97,1,-1,-1,-1
404,75,522.57,302.59,52.04,111.64,1,-1,-1,-1
404,94,378.66,350.98,49.05,116.27,1,-1,-1,-1
405,75,522.62,301.65,51.75,111.19,1,-1,-1,-1
405,94,378.88,350.58,48.99,116.10,1,-1,-1,-1
406,75,521.73,301.36,51.49,111.02,1,-1,-1,-1
406,94,378.96,349.82,48.96,116.04,1,-1,-1,-1
407,75,522.00,299.99,51.52,110.96,1,-1,-1,-1
407,94,378.99,348.92,48.96,116.01,1,-1,-1,-1
408,75,521.15,298.86,51.46,110.95,1,-1,-1,-1
408,94,378.97,347.86,48.96,116.01,1,-1,-1,-1
409,75,520.94,297.49,51.40,110.84,1,-1,-1,-1
410,94,379.32,345.96,48.34,114.31,1,-1,-1,-1
411,94,379.46,344.29,48.07,113.36,1,-1,-1,-1
412,94,380.26,343.06,47.81,112.37,1,-1,-1,-1
413,94,379.72,341.32,48.04,112.68,1,-1,-1,-1
414,94,379.50,339.38,48.17,112.80,1,-1,-1,-1
415,94,379.27,338.70,48.51,113.52,1,-1,-1,-1
416,94,379.05,337.83,48.90,114.46,1,-1,-1,-1
417,94,378.46,336.88,49.42,116.14,1,-1,-1,-1
418,94,378.92,336.57,48.90,114.80,1,-1,-1,-1
419,94,379.09,335.84,48.72,114.28,1,-1,-1,-1
420,94,378.60,334.94,48.44,113.42,1,-1,-1,-1
421,75,521.16,278.06,51.57,110.97,1,-1,-1,-1
421,94,379.18,333.98,48.13,112.44,1,-1,-1,-1
421,100,1005.02,735.62,90.47,142.61,1,-1,-1,-1
422,75,521.13,276.15,50.99,109.61,1,-1,-1,-1
422,94,378.96,331.66,48.22,112.74,1,-1,-1,-1
422,100,1001.85,733.99,91.22,143.99,1,-1,-1,-1
423,75,521.13,274.19,51.46,110.49,1,-1,-1,-1
423,94,378.15,329.51,49.06,114.84,1,-1,-1,-1
423,100,999.55,732.32,92.09,145.36,1,-1,-1,-1
424,75,521.10,272.55,51.44,110.46,1,-1,-1,-1
424,94,377.70,328.09,49.01,114.98,1,-1,-1,-1
425,75,522.34,270.98,50.79,108.53,1,-1,-1,-1
425,94,378.10,326.28,49.18,115.68,1,-1,-1,-1
425,100,996.98,730.81,91.81,145.30,1,-1,-1,-1
426,75,522.47,269.36,50.68,108.29,1,-1,-1,-1
426,94,377.87,324.98,48.68,114.63,1,-1,-1,-1
426,100,995.78,729.85,91.99,146.05,1,-1,-1,-1
427,94,377.68,323.88,48.71,114.89,1,-1,-1,-1
427,100,992.99,726.82,93.46,149.01,1,-1,-1,-1
428,94,378.30,323.52,48.68,114.98,1,-1,-1,-1
428,100,991.30,725.09,92.77,148.05,1,-1,-1,-1
429,94,378.01,322.77,48.39,114.35,1,-1,-1,-1
429,100,989.32,723.53,93.32,148.93,1,-1,-1,-1
430,94,378.53,323.19,47.69,112.79,1,-1,-1,-1
430,100,987.47,720.42,92.38,147.59,1,-1,-1,-1
431,94,378.52,322.21,47.61,112.60,1,-1,-1,-1
431,100,985.50,718.66,92.76,148.20,1,-1,-1,-1
432,94,378.92,321.83,47.07,111.31,1,-1,-1,-1
433,94,378.95,320.92,46.94,111.00,1,-1,-1,-1
433,100,981.72,709.05,94.36,151.62,1,-1,-1,-1
434,94,379.50,320.79,46.74,110.15,1,-1,-1,-1
434,100,979.73,706.64,94.89,152.46,1,-1,-1,-1
435,94,379.69,319.31,46.55,109.25,1,-1,-1,-1
436,94,378.92,317.47,46.82,109.61,1,-1,-1,-1
437,94,379.38,316.15,46.75,109.09,1,-1,-1,-1
438,94,379.47,315.11,46.60,108.74,1,-1,-1,-1
438,104,842.30,735.16,69.66,140.58,1,-1,-1,-1
439,94,379.70,313.23,46.50,108.08,1,-1,-1,-1
439,104,840.24,733.27,69.86,141.14,1,-1,-1,-1
440,94,379.81,312.10,46.34,107.70,1,-1,-1,-1
440,104,838.45,731.25,70.14,142.00,1,-1,-1,-1
441,75,522.00,250.93,50.05,106.97,1,-1,-1,-1
441,104,836.79,728.50,69.66,141.53,1,-1,-1,-1
442,75,521.99,249.64,50.00,106.86,1,-1,-1,-1
442,104,834.97,726.70,69.94,142.09,1,-1,-1,-1
443,94,379.38,310.75,47.26,109.63,1,-1,-1,-1
444,94,379.42,309.81,47.22,109.54,1,-1,-1,-1
444,106,500.65,399.40,60.87,123.74,1,-1,-1,-1
445,106,500.50,396.56,60.83,123.89,1,-1,-1,-1
446,106,499.79,393.50,60.73,123.95,1,-1,-1,-1
447,94,377.82,307.00,46.83,108.14,1,-1,-1,-1
447,106,499.45,391.12,60.92,124.69,1,-1,-1,-1
448,94,377.71,306.06,46.74,107.95,1,-1,-1,-1
448,106,500.18,387.60,61.44,126.34,1,-1,-1,-1
449,106,500.34,385.75,61.85,127.61,1,-1,-1,-1
450,106,499.95,385.85,61.56,127.38,1,-1,-1,-1
451,106,499.72,384.64,61.62,127.95,1,-1,-1,-1
452,106,500.00,383.61,60.94,126.80,1,-1,-1,-1
453,106,499.56,382.63,60.44,126.35,1,-1,-1,-1
454,106,499.91,382.33,59.24,124.17,1,-1,-1,-1
455,106,499.70,380.96,58.14,122.00,1,-1,-1,-1
456,94,377.86,299.95,47.17,107.94,1,-1,-1,-1
456,106,499.17,378.49,58.65,123.89,1,-1,-1,-1
457,94,378.22,299.73,47.19,106.58,1,-1,-1,-1
457,106,498.72,376.97,58.71,124.59,1,-1,-1,-1
458,94,377.84,298.32,47.53,106.79,1,-1,-1,-1
458,106,497.33,374.47,59.20,126.19,1,-1,-1,-1
458,109,1091.92,592.98,57.93,132.77,1,-1,-1,-1
459,94,377.86,297.47,47.46,106.63,1,-1,-1,-1
459,106,496.23,372.93,59.25,126.78,1,-1,-1,-1
459,109,1092.18,592.19,58.37,133.74,1,-1,-1,-1
460,106,496.02,371.75,58.87,126.34,1,-1,-1,-1
460,109,1092.41,592.68,58.23,133.31,1,-1,-1,-1
461,94,378.11,294.27,47.63,106.90,1,-1,-1,-1
461,106,496.30,371.37,58.73,126.17,1,-1,-1,-1
461,109,1091.89,592.15,57.91,132.43,1,-1,-1,-1
462,94,377.33,293.09,47.94,107.62,1,-1,-1,-1
462,106,495.78,371.29,58.63,126.10,1,-1,-1,-1
462,109,1091.54,591.97,58.13,132.81,1,-1,-1,-1
463,94,377.73,292.02,48.04,107.87,1,-1,-1,-1
463,106,495.74,370.65,58.30,125.40,1,-1,-1,-1
463,109,1091.48,591.75,58.14,132.85,1,-1,-1,-1
464,94,377.49,291.00,48.19,107.96,1,-1,-1,-1
464,106,496.17,370.46,58.00,124.48,1,-1,-1,-1
464,109,1091.46,592.72,58.08,132.17,1,-1,-1,-1
465,94,378.13,291.31,47.46,106.01,1,-1,-1,-1
465,106,495.49,369.11,57.59,123.47,1,-1,-1,-1
465,109,1091.50,592.90,57.98,131.33,1,-1,-1,-1
466,75,527.30,217.01,50.34,108.98,1,-1,-1,-1
466,94,378.76,290.81,47.73,106.61,1,-1,-1,-1
466,106,496.16,367.99,56.94,121.76,1,-1,-1,-1
466,109,1091.43,592.29,58.11,131.05,1,-1,-1,-1
467,75,527.56,215.89,50.02,109.02,1,-1,-1,-1
467,94,378.83,290.65,47.49,106.17,1,-1,-1,-1
467,106,495.59,365.61,57.05,121.80,1,-1,-1,-1
467,109,1091.88,592.74,57.86,129.61,1,-1,-1,-1
468,75,527.13,216.18,49.60,108.37,1,-1,-1,-1
468,94,379.27,290.63,47.23,105.35,1,-1,-1,-1
468,106,495.25,364.11,56.70,120.50,1,-1,-1,-1
468,109,1091.39,592.91,58.44,130.42,1,-1,-1,-1
469,75,528.07,216.34,49.23,108.12,1,-1,-1,-1
469,94,379.00,289.32,47.34,105.71,1,-1,-1,-1
469,106,494.37,360.27,57.43,122.02,1,-1,-1,-1
469,109,1091.30,592.97,59.12,131.40,1,-1,-1,-1
470,75,528.46,215.79,49.00,108.03,1,-1,-1,-1
470,94,379.43,288.85,46.96,104.53,1,-1,-1,-1
470,106,493.24,358.23,57.35,121.94,1,-1,-1,-1
470,109,1091.04,592.99,59.17,131.12,1,-1,-1,-1
471,75,529.30,215.62,48.85,108.00,1,-1,-1,-1
471,94,379.59,288.14,46.84,104.26,1,-1,-1,-1
471,106,492.57,355.53,57.84,123.24,1,-1,-1,-1
471,109,1091.27,593.67,59.21,131.01,1,-1,-1,-1
472,75,529.09,215.59,48.49,107.32,1,-1,-1,-1
472,106,492.78,355.24,57.79,123.07,1,-1,-1,-1
472,109,1091.46,594.58,59.00,130.31,1,-1,-1,-1
472,114,943.22,312.22,53.00,108.00,1,-1,-1,-1
472,116,591.46,407.42,58.86,111.77,1,-1,-1,-1
473,75,529.31,214.85,48.44,107.21,1,-1,-1,-1
473,106,491.93,354.53,57.69,123.01,1,-1,-1,-1
473,109,1091.63,596.25,58.73,129.38,1,-1,-1,-1
473,114,942.39,311.98,52.64,107.24,1,-1,-1,-1
473,116,591.59,406.59,58.93,111.91,1,-1,-1,-1
474,106,491.79,353.01,57.97,123.65,1,-1,-1,-1
474,109,1091.65,596.20,58.71,129.05,1,-1,-1,-1
474,114,941.57,310.44,52.93,107.73,1,-1,-1,-1
475,106,490.72,351.83,58.17,123.89,1,-1,-1,-1
475,109,1091.65,595.51,59.39,130.26,1,-1,-1,-1
475,114,941.64,310.66,53.12,107.91,1,-1,-1,-1
476,94,378.16,281.24,46.93,102.99,1,-1,-1,-1
476,106,491.08,350.78,57.39,122.00,1,-1,-1,-1
476,109,1092.27,595.24,59.72,130.72,1,-1,-1,-1
476,114,940.95,310.06,52.57,106.57,1,-1,-1,-1
477,94,378.50,280.07,47.43,102.92,1,-1,-1,-1
477,106,491.08,349.12,57.43,121.95,1,-1,-1,-1
477,109,1092.75,595.13,60.00,130.89,1,-1,-1,-1
477,114,941.38,309.87,52.44,106.10,1,-1,-1,-1
478,94,378.72,280.35,47.36,102.23,1,-1,-1,-1
478,106,489.99,347.22,57.64,122.59,1,-1,-1,-1
478,109,1093.25,595.08,60.12,130.96,1,-1,-1,-1
478,114,941.37,309.14,52.78,106.62,1,-1,-1,-1
479,94,379.41,279.82,47.45,101.98,1,-1,-1,-1
479,106,490.04,345.25,57.51,122.18,1,-1,-1,-1
479,109,1093.41,595.72,60.21,130.99,1,-1,-1,-1
479,114,940.53,308.22,53.25,107.50,1,-1,-1,-1
480,94,379.34,279.66,47.47,101.90,1,-1,-1,-1
480,106,489.68,343.69,57.46,122.08,1,-1,-1,-1
480,109,1094.35,595.30,60.46,131.66,1,-1,-1,-1
480,114,940.20,307.68,53.25,107.49,1,-1,-1,-1
481,94,380.22,280.29,47.00,100.55,1,-1,-1,-1
481,106,489.10,342.81,57.80,122.78,1,-1,-1,-1
481,109,1094.05,594.47,60.51,131.91,1,-1,-1,-1
482,94,380.09,278.56,47.06,100.72,1,-1,-1,-1
482,106,489.90,341.78,57.98,122.92,1,-1,-1,-1
482,109,1094.29,594.46,60.56,132.01,1,-1,-1,-1
482,114,940.31,306.09,53.13,107.07,1,-1,-1,-1
483,94,380.86,276.62,47.44,101.46,1,-1,-1,-1
483,106,489.63,340.78,57.84,122.31,1,-1,-1,-1
483,114,940.08,305.49,53.10,107.01,1,-1,-1,-1
484,94,380.33,275.25,47.87,102.41,1,-1,-1,-1
484,106,490.16,339.79,57.86,122.08,1,-1,-1,-1
485,94,380.66,273.45,48.29,103.43,1,-1,-1,-1
485,106,489.95,339.48,58.04,122.00,1,-1,-1,-1
485,109,1096.59,592.28,61.33,133.80,1,-1,-1,-1
486,94,380.00,272.15,48.67,104.48,1,-1,-1,-1
486,106,489.83,338.08,58.22,121.97,1,-1,-1,-1
486,109,1096.87,591.34,61.38,134.01,1,-1,-1,-1
486,116,592.52,386.05,58.97,111.01,1,-1,-1,-1
487,94,380.41,270.37,48.15,103.56,1,-1,-1,-1
487,106,489.97,337.61,57.92,121.30,1,-1,-1,-1
487,109,1097.11,591.02,61.11,133.42,1,-1,-1,-1
487,116,591.76,385.57,59.84,112.39,1,-1,-1,-1
488,94,379.57,269.08,48.61,104.53,1,-1,-1,-1
488,106,490.17,335.49,58.19,121.72,1,-1,-1,-1
488,109,1097.46,590.73,61.18,133.57,1,-1,-1,-1
488,116,591.07,384.73,60.34,113.49,1,-1,-1,-1
489,94,379.88,267.32,48.18,103.57,1,-1,-1,-1
489,106,489.70,334.07,58.06,121.22,1,-1,-1,-1
489,109,1099.07,591.65,60.40,131.60,1,-1,-1,-1
489,116,590.84,383.80,60.48,113.90,1,-1,-1,-1
490,94,380.66,266.70,48.02,103.20,1,-1,-1,-1
490,106,489.78,331.60,58.17,121.03,1,-1,-1,-1
490,109,1099.56,591.49,60.36,131.53,1,-1,-1,-1
490,116,590.77,383.50,60.50,114.05,1,-1,-1,-1
491,94,380.79,265.55,48.01,103.18,1,-1,-1,-1
491,106,489.33,328.74,57.85,120.30,1,-1,-1,-1
491,116,590.26,383.44,59.48,112.11,1,-1,-1,-1
492,94,380.83,266.43,47.53,102.26,1,-1,-1,-1
492,106,489.02,326.39,58.02,120.70,1,-1,-1,-1
492,116,590.20,382.80,59.50,112.03,1,-1,-1,-1
493,94,380.94,265.49,47.48,102.14,1,-1,-1,-1
493,106,488.63,325.57,57.99,120.85,1,-1,-1,-1
493,116,590.42,381.94,59.03,111.34,1,-1,-1,-1
494,106,489.04,323.34,58.19,121.58,1,-1,-1,-1
494,114,935.99,296.06,54.05,108.94,1,-1,-1,-1
494,116,590.02,380.32,58.51,110.41,1,-1,-1,-1
495,94,380.87,264.79,47.36,101.99,1,-1,-1,-1
495,106,488.83,321.90,58.36,122.51,1,-1,-1,-1
495,109,1105.29,590.04,59.03,128.21,1,-1,-1,-1
495,114,936.40,294.40,53.71,107.64,1,-1,-1,-1
495,116,590.18,379.76,57.70,108.74,1,-1,-1,-1
496,94,380.96,263.98,47.31,101.88,1,-1,-1,-1
496,106,489.10,322.07,58.38,122.87,1,-1,-1,-1
496,109,1106.08,589.83,58.88,127.89,1,-1,-1,-1
496,114,936.15,293.53,53.70,107.62,1,-1,-1,-1
496,116,590.61,378.92,57.34,108.12,1,-1,-1,-1
497,106,488.84,321.54,58.48,123.66,1,-1,-1,-1
497,114,936.96,292.14,53.53,106.35,1,-1,-1,-1
497,116,590.50,377.32,57.10,107.91,1,-1,-1,-1
498,106,489.49,320.73,57.66,121.97,1,-1,-1,-1
498,114,936.85,291.07,53.34,105.38,1,-1,-1,-1
498,116,590.92,376.75,56.75,107.18,1,-1,-1,-1
499,106,489.74,319.82,56.70,120.00,1,-1,-1,-1
499,109,1105.95,589.02,59.54,128.78,1,-1,-1,-1
499,114,936.35,290.04,53.54,105.05,1,-1,-1,-1
499,116,590.41,375.92,56.65,106.92,1,-1,-1,-1
500,106,489.75,318.20,56.52,119.26,1,-1,-1,-1
500,109,1106.51,588.79,59.48,128.63,1,-1,-1,-1
500,114,935.95,289.03,54.06,105.59,1,-1,-1,-1
500,116,590.59,374.98,56.54,106.84,1,-1,-1,-1
501,106,489.99,316.97,56.64,118.99,1,-1,-1,-1
501,114,935.61,288.02,54.65,106.47,1,-1,-1,-1
501,116,590.01,374.67,56.47,106.82,1,-1,-1,-1
502,106,490.26,314.57,57.00,119.57,1,-1,-1,-1
502,114,935.20,287.68,54.77,106.15,1,-1,-1,-1
502,116,590.48,373.92,56.42,106.83,1,-1,-1,-1
503,94,382.60,258.97,46.72,100.05,1,-1,-1,-1
503,106,489.78,312.40,57.63,121.11,1,-1,-1,-1
503,114,935.12,287.59,55.36,106.69,1,-1,-1,-1
503,116,590.67,373.68,56.38,106.85,1,-1,-1,-1
504,94,382.72,259.45,46.62,99.26,1,-1,-1,-1
504,106,489.78,310.91,57.63,121.13,1,-1,-1,-1
504,114,934.98,286.79,55.35,106.68,1,-1,-1,-1
504,116,590.77,373.62,55.65,105.54,1,-1,-1,-1
505,94,382.90,258.81,46.50,99.01,1,-1,-1,-1
505,116,590.77,372.90,55.45,105.17,1,-1,-1,-1
506,116,589.72,368.12,57.51,108.88,1,-1,-1,-1
507,114,932.92,287.59,55.56,106.08,1,-1,-1,-1
507,116,589.61,366.96,57.55,108.95,1,-1,-1,-1
508,114,932.65,287.09,55.53,106.01,1,-1,-1,-1
509,116,588.56,363.25,57.25,108.17,1,-1,-1,-1
510,106,488.65,305.78,56.88,119.12,1,-1,-1,-1
510,114,930.70,285.16,55.99,105.98,1,-1,-1,-1
510,116,589.46,362.67,56.45,106.68,1,-1,-1,-1
511,106,488.36,305.57,56.57,118.29,1,-1,-1,-1
511,109,1108.02,588.94,60.14,128.96,1,-1,-1,-1
511,114,930.32,284.57,55.96,105.93,1,-1,-1,-1
511,116,588.66,361.15,57.06,108.17,1,-1,-1,-1
512,106,488.77,304.16,56.13,117.36,1,-1,-1,-1
512,109,1108.30,588.96,60.31,128.98,1,-1,-1,-1
512,116,587.90,361.28,56.90,108.06,1,-1,-1,-1
513,94,382.11,249.17,47.87,100.86,1,-1,-1,-1
513,106,488.66,302.35,55.83,116.35,1,-1,-1,-1
513,109,1109.33,588.31,60.49,129.65,1,-1,-1,-1
513,116,587.67,360.18,56.89,108.06,1,-1,-1,-1
514,94,382.14,248.18,47.89,100.90,1,-1,-1,-1
514,106,488.62,301.15,55.64,115.97,1,-1,-1,-1
514,109,1110.25,588.07,60.13,129.24,1,-1,-1,-1
514,116,587.59,361.36,56.77,108.01,1,-1,-1,-1
515,109,1111.57,587.32,60.65,131.07,1,-1,-1,-1
515,116,587.58,361.51,56.68,108.00,1,-1,-1,-1
516,109,1112.79,586.38,60.69,132.41,1,-1,-1,-1
516,116,587.60,360.26,56.61,108.00,1,-1,-1,-1
517,109,1113.37,586.03,60.44,132.92,1,-1,-1,-1
517,116,587.42,359.45,56.60,107.99,1,-1,-1,-1
518,109,1113.80,585.91,59.87,132.43,1,-1,-1,-1
518,116,587.20,356.58,55.84,106.44,1,-1,-1,-1
519,109,1114.15,586.54,59.24,131.58,1,-1,-1,-1
519,116,586.98,353.82,55.29,105.41,1,-1,-1,-1
520,106,490.46,294.95,56.73,117.78,1,-1,-1,-1
520,109,1114.06,587.45,58.73,130.58,1,-1,-1,-1
520,116,587.04,352.20,55.49,105.71,1,-1,-1,-1
521,106,490.64,293.95,56.70,117.23,1,-1,-1,-1
521,109,1114.46,587.39,58.74,130.60,1,-1,-1,-1
521,116,586.93,351.64,55.20,105.17,1,-1,-1,-1
522,106,491.30,292.28,56.80,117.05,1,-1,-1,-1
522,109,1116.42,590.20,57.60,129.35,1,-1,-1,-1
522,116,587.56,350.82,55.08,104.98,1,-1,-1,-1
523,106,491.76,291.04,56.41,115.66,1,-1,-1,-1
523,109,1116.96,590.45,57.55,129.24,1,-1,-1,-1
523,116,587.42,349.23,55.14,104.91,1,-1,-1,-1
524,106,491.46,289.29,56.53,115.81,1,-1,-1,-1
524,116,587.20,348.68,55.51,105.56,1,-1,-1,-1
525,106,491.19,287.36,56.87,116.53,1,-1,-1,-1
525,116,587.39,347.85,55.77,105.81,1,-1,-1,-1
526,106,491.08,286.67,56.35,115.49,1,-1,-1,-1
526,116,586.92,347.58,55.63,105.25,1,-1,-1,-1
527,106,490.52,285.14,56.52,115.76,1,-1,-1,-1
527,116,587.09,346.86,55.57,105.04,1,-1,-1,-1
528,94,381.77,238.93,48.48,101.01,1,-1,-1,-1
528,106,490.01,284.62,56.51,115.87,1,-1,-1,-1
528,116,587.03,345.89,55.50,104.90,1,-1,-1,-1
529,94,381.60,239.45,48.80,101.01,1,-1,-1,-1
529,106,490.49,284.47,55.83,114.59,1,-1,-1,-1
529,116,586.21,344.98,55.11,104.17,1,-1,-1,-1
530,94,381.37,239.61,48.60,100.34,1,-1,-1,-1
530,106,490.03,284.46,55.54,114.12,1,-1,-1,-1
530,109,1118.99,589.14,56.22,128.98,1,-1,-1,-1
530,116,586.15,344.01,55.42,104.67,1,-1,-1,-1
531,94,381.35,239.10,48.57,100.28,1,-1,-1,-1
531,106,490.00,283.50,55.41,113.84,1,-1,-1,-1
531,109,1119.34,589.15,56.19,128.90,1,-1,-1,-1
531,116,586.27,341.69,55.26,104.18,1,-1,-1,-1
532,116,586.30,339.53,55.25,104.01,1,-1,-1,-1
533,116,586.22,338.30,55.16,103.84,1,-1,-1,-1
543,126,194.39,292.00,52.38,103.78,1,-1,-1,-1
544,126,194.85,292.00,52.48,104.02,1,-1,-1,-1
545,126,195.50,292.00,52.63,104.32,1,-1,-1,-1
546,94,404.96,343.61,57.38,113.82,1,-1,-1,-1
546,106,491.76,267.03,55.39,112.96,1,-1,-1,-1
547,94,406.35,349.46,57.76,114.58,1,-1,-1,-1
547,106,491.87,265.95,55.35,112.87,1,-1,-1,-1
549,106,492.73,262.27,55.31,112.95,1,-1,-1,-1
549,116,587.29,328.89,54.35,101.99,1,-1,-1,-1
550,94,406.22,345.15,58.82,113.49,1,-1,-1,-1
550,106,492.89,261.04,55.28,112.89,1,-1,-1,-1
550,116,587.35,328.22,54.29,101.87,1,-1,-1,-1
551,94,406.00,343.55,59.84,113.99,1,-1,-1,-1
551,116,589.33,327.91,54.32,101.15,1,-1,-1,-1
552,94,407.00,347.00,60.09,114.46,1,-1,-1,-1
552,106,495.11,261.50,55.15,111.26,1,-1,-1,-1
552,116,588.43,327.09,54.91,102.35,1,-1,-1,-1
552,126,199.90,285.15,52.24,104.05,1,-1,-1,-1
553,106,494.57,261.55,55.50,111.01,1,-1,-1,-1
553,116,588.52,325.48,54.97,102.11,1,-1,-1,-1
553,126,200.60,284.84,51.90,104.03,1,-1,-1,-1
554,106,494.67,261.58,55.72,110.26,1,-1,-1,-1
554,116,588.51,324.24,55.07,102.02,1,-1,-1,-1
554,126,201.21,284.20,51.92,104.09,1,-1,-1,-1
555,106,495.77,261.62,55.64,109.33,1,-1,-1,-1
555,116,588.05,323.14,55.34,102.65,1,-1,-1,-1
556,106,495.42,261.66,55.79,108.99,1,-1,-1,-1
556,116,588.11,322.29,55.35,102.68,1,-1,-1,-1
557,106,496.00,261.03,55.72,108.21,1,-1,-1,-1
557,126,202.09,285.59,51.15,103.14,1,-1,-1,-1
558,106,496.38,259.49,56.02,108.60,1,-1,-1,-1
558,116,586.65,319.24,55.29,102.96,1,-1,-1,-1
558,126,202.59,285.29,51.12,103.08,1,-1,-1,-1
559,106,496.48,258.94,56.19,108.76,1,-1,-1,-1
559,116,586.53,318.25,55.32,103.01,1,-1,-1,-1
560,106,496.87,257.43,56.19,108.83,1,-1,-1,-1
561,106,497.01,256.89,56.18,108.87,1,-1,-1,-1
561,116,587.97,319.45,54.61,102.16,1,-1,-1,-1
562,106,496.35,256.05,56.25,109.55,1,-1,-1,-1
562,116,588.27,318.93,54.34,102.04,1,-1,-1,-1
563,94,410.42,339.18,60.60,115.12,1,-1,-1,-1
563,106,497.11,255.76,55.56,108.50,1,-1,-1,-1
563,116,588.42,319.42,54.15,102.00,1,-1,-1,-1
564,94,410.94,339.65,60.69,115.30,1,-1,-1,-1
564,106,496.62,255.02,55.51,108.76,1,-1,-1,-1
564,116,587.70,318.96,54.30,102.64,1,-1,-1,-1
565,94,410.38,336.83,60.79,114.30,1,-1,-1,-1
565,106,496.24,255.43,55.22,108.21,1,-1,-1,-1
565,116,587.77,318.15,53.68,101.57,1,-1,-1,-1
566,94,410.81,336.98,60.82,114.36,1,-1,-1,-1
566,106,496.09,254.95,55.10,108.01,1,-1,-1,-1
566,116,587.38,316.54,53.60,101.82,1,-1,-1,-1
567,106,496.04,256.12,54.38,106.61,1,-1,-1,-1
567,116,587.30,315.86,53.57,101.77,1,-1,-1,-1
567,126,209.09,282.99,50.69,102.99,1,-1,-1,-1
568,106,496.15,255.25,54.50,106.76,1,-1,-1,-1
568,126,209.46,282.22,50.42,102.99,1,-1,-1,-1
569,106,496.47,254.28,53.99,105.50,1,-1,-1,-1
569,126,210.06,281.90,50.41,102.96,1,-1,-1,-1
570,106,495.74,252.60,54.17,105.70,1,-1,-1,-1
570,126,211.10,280.35,50.51,103.77,1,-1,-1,-1
571,94,411.95,334.24,62.17,114.98,1,-1,-1,-1
571,106,496.26,251.99,53.99,105.13,1,-1,-1,-1
571,126,211.73,279.89,50.54,103.83,1,-1,-1,-1
571,130,1128.24,611.58,43.51,133.44,1,-1,-1,-1
572,94,411.58,334.03,62.43,114.33,1,-1,-1,-1
572,106,496.42,251.79,53.99,104.93,1,-1,-1,-1
572,130,1127.91,612.09,43.41,132.95,1,-1,-1,-1
573,94,410.53,333.95,63.03,114.78,1,-1,-1,-1
573,106,497.35,250.41,54.25,105.53,1,-1,-1,-1
573,130,1128.39,613.69,42.95,131.35,1,-1,-1,-1
574,94,410.74,333.80,63.07,114.84,1,-1,-1,-1
574,106,497.70,249.91,54.32,105.76,1,-1,-1,-1
574,130,1128.42,614.18,43.06,131.58,1,-1,-1,-1
575,106,498.37,249.75,53.95,105.20,1,-1,-1,-1
575,126,214.69,275.26,49.62,102.18,1,-1,-1,-1
575,130,1128.41,614.31,43.15,131.69,1,-1,-1,-1
576,106,498.54,249.72,53.95,104.99,1,-1,-1,-1
576,126,215.79,274.86,49.20,101.33,1,-1,-1,-1
576,130,1128.59,614.31,42.81,130.38,1,-1,-1,-1
577,106,498.79,248.40,54.21,105.59,1,-1,-1,-1
577,126,216.42,274.73,49.20,101.05,1,-1,-1,-1
577,130,1128.53,614.28,42.95,130.61,1,-1,-1,-1
578,106,498.75,246.60,54.58,106.48,1,-1,-1,-1
578,126,217.12,274.12,49.10,100.85,1,-1,-1,-1
578,130,1128.61,614.77,42.79,130.13,1,-1,-1,-1
579,106,499.27,246.61,54.29,106.16,1,-1,-1,-1
579,126,216.34,274.67,49.12,100.93,1,-1,-1,-1
580,106,498.83,245.32,54.11,106.04,1,-1,-1,-1
580,126,216.38,274.74,48.83,100.24,1,-1,-1,-1
580,130,1128.59,615.97,42.83,129.89,1,-1,-1,-1
581,106,499.06,244.86,53.89,105.99,1,-1,-1,-1
581,116,586.53,305.02,52.93,100.01,1,-1,-1,-1
581,126,217.57,274.10,49.01,100.67,1,-1,-1,-1
581,130,1128.54,615.46,42.92,129.84,1,-1,-1,-1
582,106,499.49,243.39,53.13,104.66,1,-1,-1,-1
582,116,586.48,304.26,52.87,99.90,1,-1,-1,-1
582,126,218.13,273.88,48.81,100.18,1,-1,-1,-1
582,130,1128.40,615.95,43.20,130.50,1,-1,-1,-1
583,106,499.61,241.54,53.57,106.15,1,-1,-1,-1
583,126,218.70,273.46,48.72,99.99,1,-1,-1,-1
583,130,1128.43,617.45,43.15,130.09,1,-1,-1,-1
584,106,499.49,240.87,54.04,107.37,1,-1,-1,-1
584,126,218.37,273.01,48.73,99.96,1,-1,-1,-1
584,130,1128.47,617.98,43.07,129.84,1,-1,-1,-1
585,106,499.48,240.66,54.14,107.83,1,-1,-1,-1
585,126,218.84,272.58,48.65,99.78,1,-1,-1,-1
585,130,1127.73,618.11,43.76,132.27,1,-1,-1,-1
586,106,499.61,240.61,53.92,108.00,1,-1,-1,-1
586,130,1128.28,619.54,43.83,132.78,1,-1,-1,-1
587,106,500.39,239.30,54.33,109.37,1,-1,-1,-1
587,130,1128.60,619.38,43.61,132.30,1,-1,-1,-1
588,106,501.27,238.18,54.62,110.54,1,-1,-1,-1
588,130,1127.98,619.30,43.69,132.77,1,-1,-1,-1
589,106,501.58,237.12,54.10,109.66,1,-1,-1,-1
589,130,1127.86,618.59,43.49,132.29,1,-1,-1,-1
590,106,500.91,235.43,54.13,109.97,1,-1,-1,-1
590,126,223.18,269.10,49.29,100.86,1,-1,-1,-1
590,130,1127.73,618.97,43.57,132.77,1,-1,-1,-1
591,106,501.01,235.49,53.44,108.10,1,-1,-1,-1
591,126,223.83,268.55,49.29,100.86,1,-1,-1,-1
591,130,1127.80,620.42,43.38,132.29,1,-1,-1,-1
592,106,500.83,234.88,52.91,106.72,1,-1,-1,-1
592,126,223.98,268.79,49.29,100.97,1,-1,-1,-1
592,130,1127.75,620.87,43.39,132.30,1,-1,-1,-1
593,106,501.25,234.03,52.41,105.53,1,-1,-1,-1
593,126,224.91,268.78,49.00,100.32,1,-1,-1,-1
594,106,502.04,232.41,52.27,105.10,1,-1,-1,-1
594,126,225.55,268.36,48.97,100.25,1,-1,-1,-1
595,106,501.93,231.17,52.37,104.94,1,-1,-1,-1
596,106,501.59,230.74,52.31,104.23,1,-1,-1,-1
596,126,226.50,267.93,48.25,99.17,1,-1,-1,-1
597,106,501.53,231.28,52.16,103.31,1,-1,-1,-1
597,126,227.09,267.55,48.17,99.01,1,-1,-1,-1
597,130,1128.77,623.94,42.35,128.30,1,-1,-1,-1
598,106,502.08,231.52,52.28,102.98,1,-1,-1,-1
598,130,1128.56,623.44,42.85,129.39,1,-1,-1,-1
599,106,502.58,230.97,52.39,102.87,1,-1,-1,-1
599,130,1128.62,623.85,42.78,129.20,1,-1,-1,-1
600,106,503.38,231.45,52.52,102.84,1,-1,-1,-1
600,130,1128.56,624.06,42.88,129.00,1,-1,-1,-1
601,106,504.30,231.65,52.65,102.84,1,-1,-1,-1
601,130,1128.61,624.45,42.82,128.81,1,-1,-1,-1
602,106,504.45,230.42,52.40,102.19,1,-1,-1,-1
603,106,504.43,229.97,51.77,101.30,1,-1,-1,-1
604,106,504.83,229.16,52.03,102.30,1,-1,-1,-1
605,106,504.37,226.89,52.00,102.69,1,-1,-1,-1
606,106,504.20,225.40,51.97,103.50,1,-1,-1,-1
607,106,504.35,224.59,51.95,103.46,1,-1,-1,-1
609,130,1128.03,626.06,42.98,127.97,1,-1,-1,-1
610,130,1127.43,626.10,43.45,127.95,1,-1,-1,-1
611,130,1127.53,626.12,43.67,127.94,1,-1,-1,-1
612,130,1127.51,626.35,43.63,127.82,1,-1,-1,-1
613,106,505.75,222.82,49.56,100.18,1,-1,-1,-1
614,106,505.91,222.26,49.42,99.89,1,-1,-1,-1
617,130,1127.53,627.03,43.90,127.95,1,-1,-1,-1
617,138,330.29,747.95,68.10,130.28,1,-1,-1,-1
618,130,1127.46,627.76,44.07,127.97,1,-1,-1,-1
618,138,329.25,746.33,68.67,131.65,1,-1,-1,-1
619,130,1127.31,628.00,44.38,128.64,1,-1,-1,-1
619,138,328.44,745.11,69.12,132.80,1,-1,-1,-1
620,130,1127.30,628.24,44.39,128.67,1,-1,-1,-1
620,138,327.55,744.03,69.14,133.17,1,-1,-1,-1
621,138,326.85,743.70,69.28,133.95,1,-1,-1,-1
622,138,326.73,742.94,69.14,134.21,1,-1,-1,-1
623,138,326.19,742.02,69.45,135.62,1,-1,-1,-1
624,138,325.46,741.15,69.83,136.37,1,-1,-1,-1
635,106,571.27,262.69,47.72,96.98,1,-1,-1,-1
636,106,574.29,264.55,47.65,96.84,1,-1,-1,-1
637,106,572.25,261.33,47.25,96.14,1,-1,-1,-1
638,106,574.73,262.65,47.15,95.94,1,-1,-1,-1
639,106,572.07,257.64,46.63,95.15,1,-1,-1,-1
640,106,572.22,256.02,45.60,93.60,1,-1,-1,-1
640,142,1012.47,742.19,74.90,135.79,1,-1,-1,-1
641,106,573.88,256.36,45.39,93.17,1,-1,-1,-1
641,142,1010.77,741.12,74.94,136.07,1,-1,-1,-1
642,142,1009.06,740.08,75.18,136.87,1,-1,-1,-1
643,106,572.65,252.73,45.21,92.90,1,-1,-1,-1
643,142,1007.62,739.20,75.47,137.39,1,-1,-1,-1
644,106,573.82,252.59,45.03,92.54,1,-1,-1,-1
651,106,570.03,239.51,46.83,96.72,1,-1,-1,-1
652,106,570.24,238.41,46.91,96.89,1,-1,-1,-1
655,106,568.87,234.13,45.94,95.28,1,-1,-1,-1
656,106,567.68,233.67,45.79,95.77,1,-1,-1,-1
656,145,990.45,525.19,58.54,123.98,1,-1,-1,-1
657,106,567.74,232.85,45.49,95.27,1,-1,-1,-1
657,145,989.95,524.88,57.52,121.66,1,-1,-1,-1
658,106,567.64,231.77,45.48,95.25,1,-1,-1,-1
658,145,988.85,524.08,56.88,120.18,1,-1,-1,-1
659,145,988.30,523.46,56.36,119.10,1,-1,-1,-1
660,146,616.76,405.41,52.51,112.02,1,-1,-1,-1
661,146,616.39,403.34,52.54,112.05,1,-1,-1,-1
662,146,615.87,400.52,52.61,112.05,1,-1,-1,-1
663,146,615.51,398.21,52.99,112.76,1,-1,-1,-1
664,146,616.21,396.79,52.20,110.90,1,-1,-1,-1
665,146,616.44,395.69,51.96,110.22,1,-1,-1,-1
666,146,616.36,394.00,52.22,110.67,1,-1,-1,-1
667,146,616.99,392.78,52.35,110.85,1,-1,-1,-1
668,146,617.35,392.40,52.14,110.24,1,-1,-1,-1
669,146,617.02,391.66,52.32,110.70,1,-1,-1,-1
670,146,617.04,390.77,52.08,110.20,1,-1,-1,-1
671,146,617.11,389.47,52.02,110.06,1,-1,-1,-1
674,146,616.15,383.28,51.97,109.96,1,-1,-1,-1
675,146,615.78,381.23,51.80,109.27,1,-1,-1,-1
676,106,566.22,208.04,44.56,93.02,1,-1,-1,-1
676,146,616.66,379.88,51.72,109.03,1,-1,-1,-1
677,106,565.35,206.22,45.54,95.06,1,-1,-1,-1
677,146,617.23,377.45,51.88,109.61,1,-1,-1,-1
678,106,564.94,205.62,45.44,95.05,1,-1,-1,-1
678,146,617.99,375.93,51.51,109.18,1,-1,-1,-1
679,106,564.81,205.45,45.37,95.05,1,-1,-1,-1
679,146,618.15,374.29,51.45,109.05,1,-1,-1,-1
680,106,564.91,205.44,45.07,94.37,1,-1,-1,-1
680,146,617.44,372.14,52.33,111.33,1,-1,-1,-1
681,106,564.76,204.44,45.06,94.36,1,-1,-1,-1
681,146,617.50,371.49,52.12,111.15,1,-1,-1,-1
682,146,617.56,371.29,51.98,111.08,1,-1,-1,-1
683,146,617.22,370.61,51.97,111.05,1,-1,-1,-1
684,146,616.94,369.09,51.61,110.38,1,-1,-1,-1
684,147,1126.50,621.78,45.79,130.46,1,-1,-1,-1
685,146,617.11,368.57,50.92,108.80,1,-1,-1,-1
685,147,1126.71,622.02,45.60,130.00,1,-1,-1,-1
686,146,617.45,366.43,50.79,108.21,1,-1,-1,-1
686,147,1126.94,622.32,45.44,129.54,1,-1,-1,-1
687,146,616.74,365.02,51.08,108.65,1,-1,-1,-1
688,106,565.17,197.02,44.55,93.05,1,-1,-1,-1
688,146,616.45,362.56,51.24,108.83,1,-1,-1,-1
689,106,564.60,196.00,44.34,92.29,1,-1,-1,-1
689,146,616.04,360.36,51.24,108.90,1,-1,-1,-1
690,106,564.67,194.99,44.44,92.70,1,-1,-1,-1
690,146,615.94,358.78,51.19,108.81,1,-1,-1,-1
691,106,564.60,193.96,44.38,92.59,1,-1,-1,-1
695,146,613.87,354.72,52.38,110.82,1,-1,-1,-1
695,148,81.89,438.19,55.13,116.24,1,-1,-1,-1
696,146,613.76,353.15,52.40,110.98,1,-1,-1,-1
696,148,82.97,437.12,55.03,116.02,1,-1,-1,-1
697,146,613.20,351.29,52.12,110.37,1,-1,-1,-1
697,148,83.48,435.34,55.28,116.70,1,-1,-1,-1
698,146,613.53,349.32,52.27,110.80,1,-1,-1,-1
698,148,84.83,434.07,55.06,116.22,1,-1,-1,-1
699,146,613.80,347.97,52.05,110.30,1,-1,-1,-1
699,148,85.82,432.94,55.03,116.17,1,-1,-1,-1
700,146,613.78,346.19,52.23,110.77,1,-1,-1,-1
701,146,613.65,344.75,52.26,110.84,1,-1,-1,-1
703,146,614.31,342.82,52.08,110.15,1,-1,-1,-1
704,146,614.51,343.20,51.87,109.36,1,-1,-1,-1
705,106,566.47,182.95,42.98,89.03,1,-1,-1,-1
705,146,614.40,342.01,52.15,109.75,1,-1,-1,-1
706,106,565.61,182.74,43.38,89.64,1,-1,-1,-1
706,146,614.33,340.95,52.30,109.90,1,-1,-1,-1
707,106,565.32,181.32,43.55,89.83,1,-1,-1,-1
707,146,614.29,339.93,52.40,109.96,1,-1,-1,-1
708,106,565.99,180.16,43.39,89.24,1,-1,-1,-1
708,146,613.73,339.59,52.21,109.32,1,-1,-1,-1
709,106,565.42,179.09,43.65,89.69,1,-1,-1,-1
709,146,613.62,338.18,51.92,108.42,1,-1,-1,-1
710,106,565.20,178.06,43.76,89.87,1,-1,-1,-1
710,146,613.56,337.09,51.84,108.25,1,-1,-1,-1
711,106,565.17,177.14,43.73,89.80,1,-1,-1,-1
712,147,1126.11,617.02,46.79,134.97,1,-1,-1,-1
712,150,506.23,422.19,56.04,122.28,1,-1,-1,-1
713,147,1125.84,616.28,46.66,135.06,1,-1,-1,-1
713,150,506.59,421.12,55.68,121.36,1,-1,-1,-1
714,106,565.08,174.93,43.83,89.96,1,-1,-1,-1
714,147,1125.76,616.67,46.56,135.09,1,-1,-1,-1
714,150,506.69,420.82,55.60,121.05,1,-1,-1,-1
715,106,565.05,174.07,43.81,89.93,1,-1,-1,-1
715,147,1125.69,616.49,46.62,135.26,1,-1,-1,-1
715,150,505.72,419.32,56.14,122.39,1,-1,-1,-1
716,147,1126.22,616.85,46.32,135.09,1,-1,-1,-1
716,150,505.27,418.14,56.57,123.56,1,-1,-1,-1
717,147,1126.40,616.91,46.12,135.07,1,-1,-1,-1
717,150,505.04,417.22,56.72,123.91,1,-1,-1,-1
718,147,1126.90,616.94,45.84,135.06,1,-1,-1,-1
718,150,505.90,417.67,55.92,122.44,1,-1,-1,-1
719,147,1127.34,617.61,45.24,133.73,1,-1,-1,-1
719,148,108.59,404.03,53.80,114.01,1,-1,-1,-1
719,150,505.86,416.98,55.45,121.46,1,-1,-1,-1
720,147,1127.41,617.62,45.22,133.67,1,-1,-1,-1
720,148,109.41,402.88,54.24,114.67,1,-1,-1,-1
720,150,505.56,417.44,55.20,121.13,1,-1,-1,-1
721,147,1127.22,617.13,44.82,132.35,1,-1,-1,-1
721,148,110.51,401.48,54.23,114.63,1,-1,-1,-1
721,150,505.45,416.89,55.15,121.02,1,-1,-1,-1
722,147,1127.26,617.03,44.56,131.37,1,-1,-1,-1
722,153,1071.90,762.16,65.60,116.84,1,-1,-1,-1
723,147,1126.77,616.99,44.81,131.69,1,-1,-1,-1
723,153,1070.17,761.03,66.15,117.97,1,-1,-1,-1
724,147,1126.46,616.98,45.17,132.49,1,-1,-1,-1
724,153,1068.93,759.95,66.75,119.05,1,-1,-1,-1
725,147,1126.81,616.98,45.05,132.13,1,-1,-1,-1
725,153,1065.58,758.13,67.56,120.87,1,-1,-1,-1
726,147,1126.55,616.98,45.11,132.00,1,-1,-1,-1
726,153,1063.86,756.90,68.26,122.10,1,-1,-1,-1
727,147,1126.81,616.98,45.08,131.96,1,-1,-1,-1
728,147,1126.63,617.64,44.98,131.28,1,-1,-1,-1
728,153,1057.29,750.55,71.10,128.45,1,-1,-1,-1
729,147,1126.43,617.89,45.20,131.70,1,-1,-1,-1
729,148,117.68,390.97,54.73,114.98,1,-1,-1,-1
729,153,1055.09,748.77,72.09,130.23,1,-1,-1,-1
730,147,1126.34,617.99,45.32,131.86,1,-1,-1,-1
730,148,119.72,390.58,54.67,113.61,1,-1,-1,-1
731,147,1126.19,617.36,45.60,132.58,1,-1,-1,-1
731,148,119.78,389.11,55.20,114.50,1,-1,-1,-1
731,154,622.30,21.25,44.72,92.42,1,-1,-1,-1
732,147,1126.15,617.35,45.60,132.59,1,-1,-1,-1
732,148,120.80,387.28,55.98,115.49,1,-1,-1,-1
732,154,622.90,21.29,44.32,91.59,1,-1,-1,-1
733,147,1125.55,617.08,46.08,133.69,1,-1,-1,-1
733,148,121.83,385.94,56.03,115.59,1,-1,-1,-1
734,147,1125.68,617.01,45.66,131.92,1,-1,-1,-1
735,147,1125.62,616.97,45.63,131.84,1,-1,-1,-1
736,147,1126.03,618.55,44.89,128.82,1,-1,-1,-1
737,147,1125.92,618.90,45.11,128.82,1,-1,-1,-1
738,147,1125.72,619.02,45.50,129.49,1,-1,-1,-1
739,147,1125.61,619.06,45.73,129.75,1,-1,-1,-1
740,147,1125.92,619.07,45.78,129.86,1,-1,-1,-1
741,147,1125.94,619.19,45.73,129.71,1,-1,-1,-1
743,147,1126.19,619.91,45.56,129.06,1,-1,-1,-1
744,147,1126.11,620.71,45.78,129.65,1,-1,-1,-1
745,147,1126.14,620.95,45.75,129.55,1,-1,-1,-1
753,147,1126.47,621.07,45.06,127.06,1,-1,-1,-1
753,148,135.59,366.94,54.94,114.03,1,-1,-1,-1
754,147,1126.32,620.36,45.36,127.65,1,-1,-1,-1
754,148,136.28,365.97,54.91,113.96,1,-1,-1,-1
755,147,1126.56,619.46,45.55,128.50,1,-1,-1,-1
756,147,1127.07,619.79,45.44,128.82,1,-1,-1,-1
757,147,1126.82,619.26,45.61,129.60,1,-1,-1,-1
758,147,1127.14,619.06,45.51,129.90,1,-1,-1,-1
759,147,1127.31,618.99,45.37,130.00,1,-1,-1,-1
760,147,1127.37,618.89,45.41,130.12,1,-1,-1,-1
760,158,911.69,375.20,56.50,108.98,1,-1,-1,-1
761,147,1126.97,619.73,45.35,130.05,1,-1,-1,-1
761,158,911.20,374.16,56.50,108.95,1,-1,-1,-1
762,147,1126.90,619.91,45.31,130.05,1,-1,-1,-1
762,158,910.64,373.47,56.43,108.82,1,-1,-1,-1
763,147,1126.98,619.98,45.08,129.38,1,-1,-1,-1
763,158,910.22,373.82,55.64,107.24,1,-1,-1,-1
764,147,1126.82,619.34,45.39,130.45,1,-1,-1,-1
764,148,141.24,351.13,53.65,111.05,1,-1,-1,-1
764,158,909.69,373.37,55.41,106.79,1,-1,-1,-1
765,147,1127.16,619.10,45.36,130.85,1,-1,-1,-1
765,148,141.79,349.79,53.54,110.83,1,-1,-1,-1
766,147,1127.52,620.33,44.88,129.68,1,-1,-1,-1
767,147,1127.58,620.14,44.85,129.90,1,-1,-1,-1
767,148,142.24,347.02,52.83,109.20,1,-1,-1,-1
767,158,908.43,367.38,55.06,105.96,1,-1,-1,-1
768,147,1127.53,620.06,44.99,130.64,1,-1,-1,-1
768,148,142.74,345.21,53.25,110.33,1,-1,-1,-1
768,158,907.87,365.39,55.18,105.87,1,-1,-1,-1
769,147,1127.06,619.37,45.26,131.57,1,-1,-1,-1
769,148,142.64,344.60,53.27,110.05,1,-1,-1,-1
769,158,907.11,364.07,55.72,106.52,1,-1,-1,-1
770,147,1126.99,619.77,45.15,131.26,1,-1,-1,-1
770,148,143.79,342.44,53.53,111.28,1,-1,-1,-1
770,158,906.26,362.29,56.42,107.44,1,-1,-1,-1
771,147,1126.96,619.77,45.20,131.41,1,-1,-1,-1
771,148,144.28,341.03,53.51,111.26,1,-1,-1,-1
771,158,905.73,361.01,56.39,107.37,1,-1,-1,-1
772,147,1127.41,620.73,44.99,131.12,1,-1,-1,-1
773,147,1127.54,620.27,44.87,131.07,1,-1,-1,-1
774,147,1127.61,620.10,44.78,131.05,1,-1,-1,-1
775,147,1127.47,620.70,44.42,129.72,1,-1,-1,-1
775,148,146.42,336.86,53.16,111.01,1,-1,-1,-1
776,147,1127.30,620.93,44.52,129.88,1,-1,-1,-1
776,148,147.89,335.87,53.28,110.99,1,-1,-1,-1
777,147,1126.84,621.67,44.68,129.94,1,-1,-1,-1
777,148,148.09,335.54,53.24,110.99,1,-1,-1,-1
777,160,288.57,386.63,59.45,123.05,1,-1,-1,-1
778,147,1127.11,621.95,44.53,129.30,1,-1,-1,-1
778,148,148.94,334.80,52.96,109.66,1,-1,-1,-1
778,160,289.39,385.03,59.17,122.39,1,-1,-1,-1
779,147,1127.20,622.04,44.50,129.07,1,-1,-1,-1
779,148,149.83,333.90,53.01,109.16,1,-1,-1,-1
779,160,289.97,383.50,59.24,122.52,1,-1,-1,-1
780,147,1126.83,622.07,44.62,128.98,1,-1,-1,-1
780,148,149.54,332.94,53.54,109.65,1,-1,-1,-1
780,158,902.33,349.01,57.22,107.96,1,-1,-1,-1
781,147,1127.42,622.74,44.55,128.95,1,-1,-1,-1
781,148,150.14,331.96,53.63,109.17,1,-1,-1,-1
781,158,900.94,348.60,57.07,106.61,1,-1,-1,-1
782,147,1127.08,622.32,44.98,130.27,1,-1,-1,-1
782,148,149.99,330.30,54.35,110.33,1,-1,-1,-1
782,158,900.61,347.12,57.41,106.83,1,-1,-1,-1
783,147,1127.15,622.82,44.74,129.45,1,-1,-1,-1
783,148,149.74,329.06,54.98,111.42,1,-1,-1,-1
783,158,900.19,346.62,57.52,106.92,1,-1,-1,-1
784,147,1127.17,623.00,44.67,129.14,1,-1,-1,-1
784,148,150.18,327.93,55.03,111.52,1,-1,-1,-1
784,158,899.37,347.14,57.59,106.95,1,-1,-1,-1
785,147,1127.17,623.72,44.67,129.02,1,-1,-1,-1
785,158,899.33,346.72,57.12,106.31,1,-1,-1,-1
786,147,1127.06,622.67,44.88,129.64,1,-1,-1,-1
786,158,899.36,346.60,56.88,106.06,1,-1,-1,-1
787,147,1127.11,622.26,44.77,129.22,1,-1,-1,-1
787,158,899.29,345.26,56.34,105.31,1,-1,-1,-1
788,147,1127.13,622.10,44.74,129.06,1,-1,-1,-1
788,158,899.37,345.46,55.28,103.05,1,-1,-1,-1
789,147,1127.02,622.04,44.95,129.66,1,-1,-1,-1
789,158,899.07,344.70,55.05,102.61,1,-1,-1,-1
790,147,1126.89,622.02,45.21,130.55,1,-1,-1,-1
790,161,2.33,674.21,3.15,133.02,1,-1,-1,-1
791,147,1126.85,622.01,45.29,130.88,1,-1,-1,-1
791,161,2.80,673.93,3.27,132.29,1,-1,-1,-1
792,147,1126.85,622.66,45.31,131.01,1,-1,-1,-1
792,148,153.14,319.96,53.82,108.17,1,-1,-1,-1
792,158,897.00,339.37,56.07,104.60,1,-1,-1,-1
792,161,3.55,670.91,3.56,133.52,1,-1,-1,-1
793,147,1126.95,622.25,45.10,130.39,1,-1,-1,-1
793,148,154.35,318.97,53.64,107.29,1,-1,-1,-1
793,158,896.52,337.42,56.71,105.52,1,-1,-1,-1
793,161,4.02,669.22,3.89,133.22,1,-1,-1,-1
794,147,1126.99,621.43,45.02,130.15,1,-1,-1,-1
794,148,154.86,317.93,53.51,107.01,1,-1,-1,-1
794,158,896.07,336.09,56.82,105.18,1,-1,-1,-1
794,161,4.39,669.39,4.23,130.30,1,-1,-1,-1
795,147,1126.91,621.12,45.18,130.72,1,-1,-1,-1
795,158,895.67,334.92,56.80,105.14,1,-1,-1,-1
795,161,4.98,667.42,4.79,129.95,1,-1,-1,-1
796,147,1126.89,621.03,45.21,130.80,1,-1,-1,-1
796,158,894.85,333.16,57.36,105.80,1,-1,-1,-1
796,161,5.29,665.40,5.42,129.84,1,-1,-1,-1
797,147,1126.44,620.21,45.35,130.97,1,-1,-1,-1
797,158,894.41,331.93,57.38,105.84,1,-1,-1,-1
797,161,5.81,664.03,6.12,127.79,1,-1,-1,-1
798,147,1126.31,620.01,45.43,131.02,1,-1,-1,-1
798,161,6.32,662.91,7.06,128.41,1,-1,-1,-1
799,147,1126.63,620.61,45.39,131.04,1,-1,-1,-1
799,161,6.80,661.88,8.10,128.65,1,-1,-1,-1
800,147,1126.20,622.16,45.16,130.38,1,-1,-1,-1
800,161,7.55,660.63,8.08,128.29,1,-1,-1,-1
801,147,1126.51,624.07,44.78,128.80,1,-1,-1,-1
802,147,1126.69,624.12,44.53,127.55,1,-1,-1,-1
802,158,892.61,326.92,57.70,106.00,1,-1,-1,-1
803,147,1126.89,624.79,44.82,128.41,1,-1,-1,-1
803,158,892.22,325.78,57.72,106.03,1,-1,-1,-1
804,147,1126.93,625.10,44.77,128.25,1,-1,-1,-1
804,148,156.88,307.99,55.32,110.84,1,-1,-1,-1
804,158,891.91,323.34,58.05,106.01,1,-1,-1,-1
805,147,1126.66,625.09,44.83,128.02,1,-1,-1,-1
805,148,157.17,306.98,55.41,111.02,1,-1,-1,-1
805,158,890.61,321.35,58.47,106.69,1,-1,-1,-1
806,147,1126.65,625.80,44.72,127.27,1,-1,-1,-1
806,148,156.19,303.64,55.35,111.04,1,-1,-1,-1
806,158,890.14,320.01,58.53,106.79,1,-1,-1,-1
807,147,1126.51,626.04,44.97,127.68,1,-1,-1,-1
807,148,157.13,302.13,55.14,111.07,1,-1,-1,-1
808,147,1126.43,626.12,45.12,127.84,1,-1,-1,-1
808,148,157.50,300.30,54.98,111.08,1,-1,-1,-1
809,147,1126.38,626.14,45.22,127.90,1,-1,-1,-1
809,148,158.19,298.99,55.11,111.73,1,-1,-1,-1
810,147,1126.34,626.13,45.31,127.93,1,-1,-1,-1
810,148,158.49,297.89,55.08,111.98,1,-1,-1,-1
811,147,1126.30,626.12,45.38,127.95,1,-1,-1,-1
811,148,158.76,296.59,55.17,112.18,1,-1,-1,-1
812,147,1125.89,625.45,45.54,127.95,1,-1,-1,-1
813,147,1125.80,626.51,45.48,127.30,1,-1,-1,-1
813,162,1.95,638.62,37.90,130.81,1,-1,-1,-1
814,147,1125.52,624.92,45.95,128.38,1,-1,-1,-1
814,158,884.84,311.90,57.50,105.10,1,-1,-1,-1
814,162,2.20,637.12,38.10,131.49,1,-1,-1,-1
815,147,1125.77,623.66,46.08,128.79,1,-1,-1,-1
815,158,884.25,310.75,57.45,105.01,1,-1,-1,-1
816,147,1125.59,622.52,46.03,128.94,1,-1,-1,-1
816,158,881.88,309.92,57.19,104.19,1,-1,-1,-1
816,162,4.31,634.93,38.14,130.21,1,-1,-1,-1
817,147,1125.45,622.10,46.14,129.00,1,-1,-1,-1
817,158,880.87,308.26,57.38,104.01,1,-1,-1,-1
817,162,5.52,633.16,39.16,131.55,1,-1,-1,-1
818,147,1125.48,621.94,46.03,128.36,1,-1,-1,-1
818,158,880.06,307.03,57.72,103.95,1,-1,-1,-1
818,162,6.32,631.75,39.27,131.90,1,-1,-1,-1
819,147,1125.84,621.90,45.95,128.12,1,-1,-1,-1
819,158,879.01,305.28,58.72,105.26,1,-1,-1,-1
820,147,1125.60,622.55,46.02,128.02,1,-1,-1,-1
820,148,164.83,285.00,53.19,108.19,1,-1,-1,-1
820,158,878.86,305.33,58.68,105.09,1,-1,-1,-1
821,147,1125.85,624.13,46.01,127.99,1,-1,-1,-1
821,148,165.65,283.91,53.35,108.70,1,-1,-1,-1
821,158,878.54,304.74,58.57,105.03,1,-1,-1,-1
822,147,1125.95,624.06,46.00,127.98,1,-1,-1,-1
822,148,166.20,282.64,53.28,108.56,1,-1,-1,-1
822,158,877.66,303.90,58.80,105.67,1,-1,-1,-1
823,147,1125.51,624.04,46.30,128.64,1,-1,-1,-1
823,158,876.97,302.88,58.84,105.73,1,-1,-1,-1
824,147,1125.80,624.03,46.15,128.23,1,-1,-1,-1
824,148,167.55,280.02,52.86,108.04,1,-1,-1,-1
825,147,1125.92,624.02,46.08,128.07,1,-1,-1,-1
825,148,168.12,278.74,52.78,107.88,1,-1,-1,-1
826,147,1125.59,624.02,46.15,128.01,1,-1,-1,-1
827,147,1125.06,623.35,46.32,127.99,1,-1,-1,-1
828,147,1125.19,623.76,46.38,127.99,1,-1,-1,-1
829,147,1125.12,623.26,46.65,128.65,1,-1,-1,-1
829,158,871.33,293.21,58.55,105.06,1,-1,-1,-1
830,147,1125.19,623.07,46.56,128.24,1,-1,-1,-1
830,158,870.29,291.97,58.59,105.01,1,-1,-1,-1
831,147,1124.93,623.00,46.44,127.42,1,-1,-1,-1
831,158,869.46,290.67,58.58,104.99,1,-1,-1,-1
831,162,17.16,616.95,40.67,124.17,1,-1,-1,-1
832,147,1125.17,622.98,46.40,127.11,1,-1,-1,-1
832,162,17.78,616.65,43.52,123.93,1,-1,-1,-1
833,147,1125.24,622.97,46.42,127.00,1,-1,-1,-1
833,158,867.76,289.70,57.67,104.14,1,-1,-1,-1
833,162,17.78,613.84,46.13,125.19,1,-1,-1,-1
834,147,1125.25,623.63,46.46,126.96,1,-1,-1,-1
834,158,866.90,288.56,57.61,104.04,1,-1,-1,-1
834,162,18.23,610.84,48.12,126.33,1,-1,-1,-1
835,147,1125.23,623.88,46.52,127.61,1,-1,-1,-1
835,162,18.30,608.44,49.66,127.43,1,-1,-1,-1
836,147,1125.23,623.93,46.51,127.59,1,-1,-1,-1
836,162,18.68,606.27,50.77,127.85,1,-1,-1,-1
837,147,1125.73,623.22,46.31,127.12,1,-1,-1,-1
837,162,19.33,604.20,51.42,128.00,1,-1,-1,-1
838,147,1126.03,623.06,46.57,128.37,1,-1,-1,-1
838,162,20.05,602.82,51.94,128.05,1,-1,-1,-1
839,147,1125.91,623.00,46.44,128.15,1,-1,-1,-1
839,162,21.11,601.70,52.48,128.06,1,-1,-1,-1
840,147,1125.98,622.99,46.17,128.07,1,-1,-1,-1
840,162,22.14,600.07,52.54,128.19,1,-1,-1,-1
841,147,1126.34,623.64,46.05,128.03,1,-1,-1,-1
842,147,1126.89,623.89,45.84,128.02,1,-1,-1,-1
843,147,1127.04,623.98,45.86,128.67,1,-1,-1,-1
844,147,1127.14,624.04,45.90,128.76,1,-1,-1,-1
846,147,1126.69,624.87,45.87,128.99,1,-1,-1,-1
847,147,1126.76,625.00,45.58,128.34,1,-1,-1,-1
848,147,1126.32,625.04,45.76,128.78,1,-1,-1,-1
849,147,1126.35,625.06,45.44,127.63,1,-1,-1,-1
850,147,1126.33,625.06,45.36,127.19,1,-1,-1,-1
851,147,1126.31,625.71,45.38,127.03,1,-1,-1,-1
852,147,1126.66,625.96,45.32,126.97,1,-1,-1,-1
853,147,1126.80,626.04,45.28,126.95,1,-1,-1,-1
854,147,1126.48,625.41,45.35,127.61,1,-1,-1,-1
855,147,1126.31,625.16,45.49,127.86,1,-1,-1,-1
856,147,1126.70,625.73,45.27,127.30,1,-1,-1,-1
857,147,1126.86,625.94,45.18,127.08,1,-1,-1,-1
858,147,1127.02,626.68,44.94,126.34,1,-1,-1,-1
859,147,1126.50,626.29,45.36,127.39,1,-1,-1,-1
860,147,1126.29,626.80,45.54,127.79,1,-1,-1,-1
861,147,1126.20,626.98,45.63,127.94,1,-1,-1,-1
862,147,1126.05,627.05,45.88,128.66,1,-1,-1,-1
863,147,1126.00,627.07,45.98,128.92,1,-1,-1,-1
864,147,1126.08,627.07,45.81,128.36,1,-1,-1,-1
865,147,1126.11,627.73,45.77,128.14,1,-1,-1,-1
866,147,1126.21,627.97,45.56,127.40,1,-1,-1,-1
867,147,1126.20,628.15,45.54,127.34,1,-1,-1,-1
868,147,1126.12,627.29,45.74,127.84,1,-1,-1,-1
869,147,1125.89,627.12,46.21,129.30,1,-1,-1,-1
870,147,1125.92,626.40,46.15,129.16,1,-1,-1,-1
871,147,1125.83,626.12,46.32,129.76,1,-1,-1,-1
872,147,1125.82,626.68,46.36,129.98,1,-1,-1,-1
873,147,1125.92,626.89,46.15,129.40,1,-1,-1,-1
874,147,1125.96,626.97,46.07,129.17,1,-1,-1,-1
875,147,1126.36,627.00,45.94,129.08,1,-1,-1,-1
876,147,1126.43,626.35,46.04,129.70,1,-1,-1,-1
877,147,1126.21,626.77,45.91,129.28,1,-1,-1,-1
878,147,1126.02,626.26,46.07,129.77,1,-1,-1,-1
879,147,1126.16,626.73,45.72,128.64,1,-1,-1,-1
880,147,1126.09,626.91,45.82,128.87,1,-1,-1,-1
881,147,1126.07,626.98,45.86,128.95,1,-1,-1,-1
882,147,1126.53,627.00,45.59,128.32,1,-1,-1,-1
883,147,1126.62,625.69,45.66,128.75,1,-1,-1,-1
884,147,1126.66,625.57,45.65,128.74,1,-1,-1,-1
885,147,1125.80,625.88,45.86,128.94,1,-1,-1,-1
886,147,1126.06,625.94,45.68,128.31,1,-1,-1,-1
887,147,1126.04,625.96,45.84,128.75,1,-1,-1,-1
888,147,1126.13,626.63,45.71,128.25,1,-1,-1,-1
889,147,1126.15,626.22,45.68,128.07,1,-1,-1,-1
890,147,1125.95,625.41,46.09,129.32,1,-1,-1,-1
891,147,1125.88,625.10,46.23,129.79,1,-1,-1,-1
892,147,1125.49,623.67,46.36,129.97,1,-1,-1,-1
893,147,1125.22,622.48,46.64,130.69,1,-1,-1,-1
894,147,1125.69,623.35,46.27,129.64,1,-1,-1,-1
895,147,1125.98,625.02,45.92,128.57,1,-1,-1,-1
896,147,1125.88,624.34,46.20,129.50,1,-1,-1,-1
897,147,1125.85,624.74,46.29,129.84,1,-1,-1,-1
898,147,1125.95,624.24,46.10,129.31,1,-1,-1,-1
899,147,1125.89,624.05,46.23,129.77,1,-1,-1,-1
900,147,1125.32,623.98,46.05,128.62,1,-1,-1,-1
901,147,1125.62,623.30,45.60,126.86,1,-1,-1,-1
902,147,1125.90,623.71,45.12,124.87,1,-1,-1,-1
903,147,1125.45,623.87,45.37,124.80,1,-1,-1,-1
904,147,1125.11,623.93,45.82,125.46,1,-1,-1,-1
905,147,1124.76,624.62,45.78,124.40,1,-1,-1,-1
906,147,1124.43,624.22,46.17,124.67,1,-1,-1,-1
907,147,1124.71,625.39,46.17,124.12,1,-1,-1,-1
908,147,1124.67,625.17,46.49,124.59,1,-1,-1,-1
909,147,1124.78,626.41,47.01,126.10,1,-1,-1,-1
910,147,1125.20,626.21,47.10,126.68,1,-1,-1,-1
911,147,1124.75,625.47,47.05,126.24,1,-1,-1,-1
912,147,1124.93,625.18,46.99,126.07,1,-1,-1,-1
913,147,1124.61,625.73,47.07,126.01,1,-1,-1,-1
914,147,1124.09,625.28,47.24,125.99,1,-1,-1,-1
915,147,1124.12,625.10,47.52,126.64,1,-1,-1,-1
916,147,1124.60,625.69,47.34,126.23,1,-1,-1,-1
917,147,1124.42,625.26,47.36,126.07,1,-1,-1,-1
918,147,1124.71,625.09,47.30,126.01,1,-1,-1,-1
919,147,1124.66,625.03,46.94,124.67,1,-1,-1,-1
920,147,1124.01,624.34,47.40,125.49,1,-1,-1,-1
921,147,1123.41,624.09,48.29,127.79,1,-1,-1,-1
922,147,1123.30,623.98,48.36,127.98,1,-1,-1,-1
927,147,1124.21,627.68,47.45,125.28,1,-1,-1,-1
928,147,1124.37,627.98,47.23,124.35,1,-1,-1,-1
929,147,1124.38,628.08,47.22,124.05,1,-1,-1,-1
930,147,1124.08,628.11,47.18,123.28,1,-1,-1,-1
931,147,1123.90,627.44,47.29,123.00,1,-1,-1,-1
931,175,377.86,729.20,57.73,138.22,1,-1,-1,-1
932,147,1123.85,626.52,47.97,124.90,1,-1,-1,-1
932,175,377.70,728.70,57.60,137.90,1,-1,-1,-1
933,147,1123.84,626.52,47.97,124.88,1,-1,-1,-1
934,147,1124.41,626.11,47.89,124.97,1,-1,-1,-1
935,147,1124.39,626.02,47.47,123.63,1,-1,-1,-1
936,147,1124.45,625.97,47.41,123.48,1,-1,-1,-1
940,147,1123.91,624.15,48.23,125.73,1,-1,-1,-1
941,147,1124.28,623.98,48.14,125.95,1,-1,-1,-1
942,147,1124.45,623.93,48.03,126.02,1,-1,-1,-1
943,147,1124.54,623.91,47.92,126.05,1,-1,-1,-1
944,147,1124.32,623.26,47.72,125.39,1,-1,-1,-1
944,175,375.26,704.10,59.47,142.95,1,-1,-1,-1
945,147,1124.23,623.67,47.68,125.14,1,-1,-1,-1
945,175,375.51,703.45,58.88,141.72,1,-1,-1,-1
946,147,1124.22,623.53,47.67,125.13,1,-1,-1,-1
946,175,375.17,702.57,59.53,143.95,1,-1,-1,-1
947,175,374.46,700.98,59.65,144.77,1,-1,-1,-1
948,147,1124.79,624.73,47.28,124.17,1,-1,-1,-1
948,175,374.19,699.36,59.83,145.21,1,-1,-1,-1
949,147,1124.49,624.23,47.31,124.02,1,-1,-1,-1
949,175,372.91,697.94,59.05,143.59,1,-1,-1,-1
950,147,1124.36,624.06,47.37,123.97,1,-1,-1,-1
950,175,372.53,696.34,59.14,143.81,1,-1,-1,-1
951,147,1123.80,623.34,47.76,124.62,1,-1,-1,-1
952,147,1123.73,622.41,48.29,126.18,1,-1,-1,-1
953,147,1123.55,622.72,48.13,125.46,1,-1,-1,-1
954,147,1123.35,622.85,48.35,125.84,1,-1,-1,-1
955,147,1123.15,622.90,48.67,126.64,1,-1,-1,-1
956,147,1123.07,622.27,48.81,126.93,1,-1,-1,-1
957,147,1123.64,624.01,48.34,125.72,1,-1,-1,-1
957,182,467.15,323.19,57.50,101.81,1,-1,-1,-1
958,147,1123.62,624.05,48.35,125.76,1,-1,-1,-1
958,182,467.20,322.51,57.88,102.49,1,-1,-1,-1
959,147,1124.34,624.02,48.01,125.17,1,-1,-1,-1
960,147,1124.14,624.69,47.97,125.05,1,-1,-1,-1
961,147,1124.07,623.60,47.96,125.00,1,-1,-1,-1
962,147,1124.09,623.57,47.95,124.96,1,-1,-1,-1
962,182,467.01,318.06,58.06,103.08,1,-1,-1,-1
963,182,466.99,317.12,58.26,103.44,1,-1,-1,-1
964,147,1123.89,623.08,48.24,125.83,1,-1,-1,-1
965,147,1123.88,623.00,48.26,125.96,1,-1,-1,-1
966,147,1123.88,623.64,48.25,126.01,1,-1,-1,-1
967,147,1123.89,623.88,48.23,126.02,1,-1,-1,-1
968,147,1124.11,623.97,47.78,124.71,1,-1,-1,-1
969,147,1124.13,624.00,47.74,124.61,1,-1,-1,-1
970,186,196.24,448.77,51.88,112.42,1,-1,-1,-1
971,186,197.48,447.44,51.69,111.91,1,-1,-1,-1
972,186,198.43,447.06,51.36,111.19,1,-1,-1,-1
976,147,1124.51,622.10,46.98,122.09,1,-1,-1,-1
977,147,1124.56,621.97,46.89,121.85,1,-1,-1,-1
978,187,181.19,315.98,48.15,105.24,1,-1,-1,-1
979,147,1124.60,621.96,46.81,121.05,1,-1,-1,-1
979,187,181.62,315.19,47.75,104.26,1,-1,-1,-1
980,147,1124.43,621.95,47.15,121.62,1,-1,-1,-1
980,187,181.95,314.79,47.56,103.83,1,-1,-1,-1
981,147,1124.46,621.86,47.08,121.44,1,-1,-1,-1
983,147,1124.82,621.95,47.20,121.86,1,-1,-1,-1
984,147,1124.89,621.88,47.16,121.76,1,-1,-1,-1
985,147,1124.22,621.96,46.98,120.35,1,-1,-1,-1
986,147,1124.23,621.91,46.89,120.11,1,-1,-1,-1
988,147,1124.35,622.82,46.32,117.39,1,-1,-1,-1
989,147,1124.00,622.96,46.98,118.36,1,-1,-1,-1
990,147,1123.81,622.34,47.34,118.68,1,-1,-1,-1
991,147,1123.58,622.77,47.79,119.47,1,-1,-1,-1
992,147,1123.46,622.27,48.03,119.78,1,-1,-1,-1
992,190,220.76,423.21,54.11,113.24,1,-1,-1,-1
993,147,1123.67,622.08,48.29,120.56,1,-1,-1,-1
993,190,221.71,422.17,54.35,113.79,1,-1,-1,-1
994,147,1123.67,622.04,48.30,120.58,1,-1,-1,-1
994,190,222.50,421.48,54.40,113.89,1,-1,-1,-1
995,190,224.57,420.11,54.43,114.00,1,-1,-1,-1
996,190,225.59,419.79,54.04,113.31,1,-1,-1,-1
997,187,195.07,289.07,45.80,97.99,1,-1,-1,-1
997,190,226.65,419.06,54.02,113.26,1,-1,-1,-1
998,187,194.99,289.28,46.41,97.89,1,-1,-1,-1
999,187,195.37,288.01,47.15,98.52,1,-1,-1,-1
1000,187,194.85,288.25,47.37,98.10,1,-1,-1,-1
1000,190,229.40,415.17,52.44,109.37,1,-1,-1,-1
1001,187,195.42,287.17,47.25,97.86,1,-1,-1,-1
1001,190,230.42,414.22,52.20,108.87,1,-1,-1,-1
1002,187,196.38,285.23,47.05,97.13,1,-1,-1,-1
1002,190,231.70,412.24,52.38,108.88,1,-1,-1,-1
1003,187,197.43,282.66,47.49,97.63,1,-1,-1,-1
1003,190,232.77,411.17,52.16,108.44,1,-1,-1,-1
1004,187,197.88,279.78,48.11,98.47,1,-1,-1,-1
1005,187,198.24,278.75,47.92,97.47,1,-1,-1,-1
1005,190,233.38,407.29,53.46,110.51,1,-1,-1,-1
1006,187,198.80,277.76,48.27,97.76,1,-1,-1,-1
1006,190,234.29,406.03,53.40,110.40,1,-1,-1,-1
1007,187,199.08,276.12,48.22,97.21,1,-1,-1,-1
1008,187,200.15,274.89,48.22,97.01,1,-1,-1,-1
1008,190,236.49,403.93,53.80,110.88,1,-1,-1,-1
1009,187,200.83,273.49,48.13,96.83,1,-1,-1,-1
1009,190,237.45,402.71,53.78,110.83,1,-1,-1,-1
1010,187,201.38,272.02,49.04,98.49,1,-1,-1,-1
1011,187,201.97,270.87,49.12,98.16,1,-1,-1,-1
1012,187,202.64,269.48,49.11,98.14,1,-1,-1,-1
1012,190,242.94,398.12,53.50,110.08,1,-1,-1,-1
1013,187,202.61,267.24,49.16,98.03,1,-1,-1,-1
1013,190,244.15,396.81,53.45,109.97,1,-1,-1,-1
1013,194,0.97,370.41,34.07,108.24,1,-1,-1,-1
1014,187,203.22,265.76,49.14,98.00,1,-1,-1,-1
1014,190,246.18,395.90,53.25,109.97,1,-1,-1,-1
1014,194,1.36,368.33,34.04,108.02,1,-1,-1,-1
1015,187,203.46,263.27,49.24,97.99,1,-1,-1,-1
1015,190,247.47,394.63,53.20,109.88,1,-1,-1,-1
1015,194,1.52,366.95,33.99,107.86,1,-1,-1,-1
1016,187,204.62,261.22,49.89,99.34,1,-1,-1,-1
1016,195,346.61,587.20,57.96,123.38,1,-1,-1,-1
1017,187,205.25,259.59,49.95,99.46,1,-1,-1,-1
1017,195,346.77,584.61,58.12,123.58,1,-1,-1,-1
1018,187,204.63,257.21,51.14,102.24,1,-1,-1,-1
1018,195,345.70,583.09,58.21,123.71,1,-1,-1,-1
1019,187,205.12,255.51,51.34,102.63,1,-1,-1,-1
1019,195,344.31,580.50,58.91,125.22,1,-1,-1,-1
1020,190,252.94,386.15,53.24,110.89,1,-1,-1,-1
1020,195,343.69,577.57,59.45,126.46,1,-1,-1,-1
1021,187,206.37,255.39,49.58,98.85,1,-1,-1,-1
1021,190,254.13,384.91,52.89,111.67,1,-1,-1,-1
1021,195,343.13,575.69,59.56,126.70,1,-1,-1,-1
1022,187,206.89,253.99,49.56,98.81,1,-1,-1,-1
1022,190,255.50,383.16,52.84,112.58,1,-1,-1,-1
1023,190,256.59,381.90,52.23,112.27,1,-1,-1,-1
1024,190,257.58,380.81,51.41,110.82,1,-1,-1,-1
1025,190,259.01,379.80,50.90,109.60,1,-1,-1,-1
1026,190,260.02,378.81,50.33,107.82,1,-1,-1,-1
1027,190,261.21,377.83,50.40,107.82,1,-1,-1,-1
1028,190,262.36,376.55,50.25,107.52,1,-1,-1,-1
1029,190,261.90,373.49,50.89,108.61,1,-1,-1,-1
1030,190,262.68,372.01,50.82,108.15,1,-1,-1,-1
1031,190,263.64,370.53,50.74,107.96,1,-1,-1,-1
1032,190,263.47,368.23,52.24,111.08,1,-1,-1,-1
1033,190,263.64,366.89,52.37,111.75,1,-1,-1,-1
1034,190,264.40,365.35,52.47,111.97,1,-1,-1,-1
1035,190,266.12,364.73,51.52,109.71,1,-1,-1,-1
1036,190,266.98,363.29,51.51,109.68,1,-1,-1,-1
1036,198,544.60,731.43,63.84,132.54,1,-1,-1,-1
1037,198,543.01,729.43,64.08,132.96,1,-1,-1,-1
1038,198,542.08,728.08,64.22,133.08,1,-1,-1,-1
1039,187,217.31,226.04,47.37,94.04,1,-1,-1,-1
1039,198,541.53,726.89,64.36,133.35,1,-1,-1,-1
1040,187,218.14,224.83,47.44,93.94,1,-1,-1,-1
1041,187,218.93,224.42,47.77,94.57,1,-1,-1,-1
1042,187,219.59,222.99,47.70,94.44,1,-1,-1,-1
1042,198,540.93,721.17,62.17,128.46,1,-1,-1,-1
1043,187,220.37,224.27,47.28,93.28,1,-1,-1,-1
1043,190,277.15,354.92,51.33,109.02,1,-1,-1,-1
1043,198,540.33,718.48,62.33,128.70,1,-1,-1,-1
1044,187,220.84,222.36,47.40,93.69,1,-1,-1,-1
1044,190,278.42,353.88,51.16,108.29,1,-1,-1,-1
1044,198,539.92,716.81,62.13,128.27,1,-1,-1,-1
1045,187,220.75,221.05,47.26,93.17,1,-1,-1,-1
1045,190,278.93,352.87,50.93,107.39,1,-1,-1,-1
1045,198,537.97,715.03,62.66,129.56,1,-1,-1,-1
1046,187,221.58,219.28,48.09,94.98,1,-1,-1,-1
1046,190,279.82,351.87,50.68,107.06,1,-1,-1,-1
1046,198,537.35,713.35,62.56,129.36,1,-1,-1,-1
1047,187,222.18,217.99,48.11,95.01,1,-1,-1,-1
1047,190,280.80,351.55,50.55,106.94,1,-1,-1,-1
1048,190,282.32,350.81,50.09,106.24,1,-1,-1,-1
1049,187,223.56,214.22,47.02,92.47,1,-1,-1,-1
1049,190,283.45,349.73,49.96,105.97,1,-1,-1,-1
1050,187,223.84,212.25,46.71,92.07,1,-1,-1,-1
1050,190,284.43,348.92,50.14,106.72,1,-1,-1,-1
1051,187,224.76,212.26,46.29,91.27,1,-1,-1,-1
1051,190,285.62,347.28,49.79,106.18,1,-1,-1,-1
1052,187,224.95,210.32,46.40,91.65,1,-1,-1,-1
1052,190,286.58,346.06,49.89,106.66,1,-1,-1,-1
1053,187,225.95,209.64,45.86,90.48,1,-1,-1,-1
1053,190,288.00,344.98,49.71,106.18,1,-1,-1,-1
1054,187,226.68,209.45,46.25,91.38,1,-1,-1,-1
1054,190,289.28,343.95,49.41,105.34,1,-1,-1,-1
1055,187,226.56,208.76,46.47,91.72,1,-1,-1,-1
1055,190,290.09,342.28,49.87,106.36,1,-1,-1,-1
1056,187,227.15,206.56,46.58,91.86,1,-1,-1,-1
1056,190,291.02,341.04,50.03,106.75,1,-1,-1,-1
1057,187,227.70,205.32,46.52,91.75,1,-1,-1,-1
1057,190,291.07,339.29,50.61,108.22,1,-1,-1,-1
1058,187,228.45,203.24,46.88,92.70,1,-1,-1,-1
1058,190,292.04,338.05,50.67,108.34,1,-1,-1,-1
1059,187,229.01,201.91,46.88,92.71,1,-1,-1,-1
1060,190,294.00,335.09,50.95,108.94,1,-1,-1,-1
1061,190,294.45,334.62,50.73,108.35,1,-1,-1,-1
1062,190,295.24,333.80,50.68,108.14,1,-1,-1,-1
1063,187,230.76,197.88,47.52,94.80,1,-1,-1,-1
1063,190,297.87,334.20,49.91,106.08,1,-1,-1,-1
1063,198,532.54,684.01,61.81,126.00,1,-1,-1,-1
1064,187,231.26,196.67,47.62,94.99,1,-1,-1,-1
1064,190,299.16,334.40,49.60,105.30,1,-1,-1,-1
1064,198,532.25,682.29,61.71,125.80,1,-1,-1,-1
1065,187,232.05,195.88,46.95,94.25,1,-1,-1,-1
1065,190,300.29,333.54,49.48,105.05,1,-1,-1,-1
1066,187,232.90,194.23,46.93,94.79,1,-1,-1,-1
1067,187,233.27,192.34,46.09,93.00,1,-1,-1,-1
1068,187,234.43,190.35,45.69,92.31,1,-1,-1,-1
1068,198,530.51,673.20,62.02,125.92,1,-1,-1,-1
1069,187,235.02,188.98,45.62,92.18,1,-1,-1,-1
1069,198,530.18,671.27,61.96,125.81,1,-1,-1,-1
1071,187,235.84,186.04,45.46,91.99,1,-1,-1,-1
1072,187,236.39,184.65,45.39,91.86,1,-1,-1,-1
1073,190,311.75,322.17,49.30,103.97,1,-1,-1,-1
1074,190,313.07,320.97,49.21,103.79,1,-1,-1,-1
1075,190,313.83,319.95,49.53,104.71,1,-1,-1,-1
1076,190,314.98,318.93,49.27,104.21,1,-1,-1,-1
1077,190,316.16,317.92,48.91,103.37,1,-1,-1,-1
1078,190,316.68,316.26,49.17,103.72,1,-1,-1,-1
1079,190,317.61,315.02,49.06,103.20,1,-1,-1,-1
1080,190,318.39,313.94,48.71,102.34,1,-1,-1,-1
1081,190,319.55,312.25,48.77,102.69,1,-1,-1,-1
1082,190,321.31,309.68,49.37,104.16,1,-1,-1,-1
1082,198,523.40,643.05,64.23,129.91,1,-1,-1,-1
1083,190,322.48,308.27,49.37,104.16,1,-1,-1,-1
1083,198,523.38,640.98,64.67,130.04,1,-1,-1,-1
1084,198,522.96,638.86,64.77,130.26,1,-1,-1,-1
1085,187,243.02,168.96,45.94,92.96,1,-1,-1,-1
1086,187,243.54,167.71,45.96,93.00,1,-1,-1,-1
1093,187,248.16,159.00,45.62,92.06,1,-1,-1,-1
1093,198,521.62,622.90,63.68,127.17,1,-1,-1,-1
1093,209,867.56,461.60,51.24,111.57,1,-1,-1,-1
1094,187,248.33,157.23,45.67,92.00,1,-1,-1,-1
1094,198,520.77,621.00,64.58,128.41,1,-1,-1,-1
1094,209,867.26,460.24,50.45,109.85,1,-1,-1,-1
1095,187,248.51,156.64,45.47,91.32,1,-1,-1,-1
1095,198,521.11,619.70,64.97,128.80,1,-1,-1,-1
1096,187,248.52,156.47,45.45,91.06,1,-1,-1,-1
1096,198,520.42,617.96,65.44,129.61,1,-1,-1,-1
1097,187,248.49,155.13,45.48,90.97,1,-1,-1,-1
1097,190,336.11,291.95,49.85,104.00,1,-1,-1,-1
1097,198,520.17,616.14,65.50,129.73,1,-1,-1,-1
1098,187,248.17,153.34,45.41,90.95,1,-1,-1,-1
1098,190,335.78,290.92,50.41,104.00,1,-1,-1,-1
1099,187,248.50,152.13,45.34,90.82,1,-1,-1,-1
1099,190,336.70,289.73,50.40,103.99,1,-1,-1,-1
1100,187,248.53,150.98,45.15,90.15,1,-1,-1,-1
1101,187,248.67,149.93,45.58,90.67,1,-1,-1,-1
1101,190,337.26,289.60,50.85,104.00,1,-1,-1,-1
1102,187,248.96,148.75,45.53,90.57,1,-1,-1,-1
1102,190,337.77,288.89,50.77,103.31,1,-1,-1,-1
1103,190,338.94,287.99,50.73,102.41,1,-1,-1,-1
1104,190,339.40,285.69,50.63,101.41,1,-1,-1,-1
1105,187,249.89,145.91,46.12,91.80,1,-1,-1,-1
1105,190,340.11,284.20,51.43,102.38,1,-1,-1,-1
1106,187,250.19,144.80,46.14,91.85,1,-1,-1,-1
1106,190,340.82,283.02,51.45,101.42,1,-1,-1,-1
1107,190,341.18,281.30,51.86,101.73,1,-1,-1,-1
1108,190,342.00,280.09,51.78,101.57,1,-1,-1,-1
1109,190,342.05,279.76,52.97,103.44,1,-1,-1,-1
1110,187,250.76,140.03,45.64,91.09,1,-1,-1,-1
1110,190,342.50,279.56,53.19,103.16,1,-1,-1,-1
1111,187,251.39,139.66,45.79,91.71,1,-1,-1,-1
1111,190,342.79,278.85,53.64,103.72,1,-1,-1,-1
1112,187,251.77,138.86,45.51,91.25,1,-1,-1,-1
1112,190,343.78,277.95,53.98,103.93,1,-1,-1,-1
1113,187,252.44,138.60,45.64,91.74,1,-1,-1,-1
1113,190,344.21,277.65,53.94,103.35,1,-1,-1,-1
1114,187,252.76,137.66,45.66,91.77,1,-1,-1,-1
1114,190,344.93,276.76,53.95,103.37,1,-1,-1,-1
1115,187,253.54,136.94,45.65,91.96,1,-1,-1,-1
1116,187,254.32,136.00,45.19,91.33,1,-1,-1,-1
1117,187,254.62,135.69,44.96,91.10,1,-1,-1,-1
1118,187,255.02,134.94,44.28,89.69,1,-1,-1,-1
1118,190,348.46,273.01,53.95,103.04,1,-1,-1,-1
1119,187,255.57,134.70,43.86,88.50,1,-1,-1,-1
1119,190,349.24,272.03,53.65,102.32,1,-1,-1,-1
1120,187,256.38,133.31,43.79,88.06,1,-1,-1,-1
1120,190,350.03,271.11,53.60,102.23,1,-1,-1,-1
1121,187,256.35,131.49,44.40,89.24,1,-1,-1,-1
1121,190,351.15,270.82,52.75,100.47,1,-1,-1,-1
1122,187,256.70,129.52,44.54,89.69,1,-1,-1,-1
1122,190,351.97,269.97,52.61,100.20,1,-1,-1,-1
1123,187,257.10,128.45,44.50,89.61,1,-1,-1,-1
1127,187,259.23,124.93,45.35,91.76,1,-1,-1,-1
1127,212,1125.25,590.02,47.52,126.56,1,-1,-1,-1
1128,187,259.66,123.92,45.42,91.91,1,-1,-1,-1
1128,212,1125.48,590.05,47.10,125.53,1,-1,-1,-1
1129,212,1125.57,590.05,46.91,125.16,1,-1,-1,-1
1130,212,1125.23,589.32,47.57,127.18,1,-1,-1,-1
1131,212,1125.19,589.23,47.73,127.60,1,-1,-1,-1
1132,190,359.62,258.08,51.78,98.96,1,-1,-1,-1
1132,212,1125.28,589.02,47.47,127.19,1,-1,-1,-1
1133,190,360.40,257.00,51.69,98.80,1,-1,-1,-1
1133,212,1125.25,588.91,47.58,127.47,1,-1,-1,-1
1139,212,1126.29,587.06,47.34,128.05,1,-1,-1,-1
1139,215,837.71,403.98,48.01,112.00,1,-1,-1,-1
1140,187,264.81,110.04,44.42,90.07,1,-1,-1,-1
1140,190,368.35,249.97,52.98,101.81,1,-1,-1,-1
1140,212,1126.02,586.95,47.29,128.77,1,-1,-1,-1
1140,215,837.07,403.19,48.01,112.00,1,-1,-1,-1
1141,187,265.24,108.92,44.38,90.00,1,-1,-1,-1
1141,190,369.77,249.66,52.35,100.63,1,-1,-1,-1
1141,212,1126.12,586.91,46.91,128.34,1,-1,-1,-1
1141,215,835.36,401.47,48.85,114.21,1,-1,-1,-1
1142,190,370.53,248.23,52.93,102.21,1,-1,-1,-1
1142,212,1126.21,586.91,46.65,128.17,1,-1,-1,-1
1142,215,834.51,400.71,49.12,114.83,1,-1,-1,-1
1143,190,371.22,247.07,52.92,102.14,1,-1,-1,-1
1143,212,1126.22,586.74,46.70,128.29,1,-1,-1,-1
1144,190,371.70,246.01,53.05,102.76,1,-1,-1,-1
1145,190,371.75,244.33,53.30,103.65,1,-1,-1,-1
1146,190,371.92,243.08,53.01,103.32,1,-1,-1,-1
1147,190,373.20,242.64,51.73,100.55,1,-1,-1,-1
1147,212,1125.83,587.83,45.54,124.42,1,-1,-1,-1
1148,190,373.87,242.53,51.48,100.15,1,-1,-1,-1
1148,212,1125.70,588.65,45.61,124.04,1,-1,-1,-1
1149,190,374.09,242.53,52.04,101.33,1,-1,-1,-1
1149,212,1125.61,588.91,45.74,123.92,1,-1,-1,-1
1150,190,374.87,241.89,51.48,99.80,1,-1,-1,-1
1150,212,1125.25,589.67,45.78,123.22,1,-1,-1,-1
1151,190,375.46,241.69,51.28,99.21,1,-1,-1,-1
1151,212,1125.43,589.95,45.83,122.97,1,-1,-1,-1
1151,218,499.17,263.21,45.05,106.74,1,-1,-1,-1
1152,190,376.15,240.98,50.86,98.34,1,-1,-1,-1
1152,212,1125.46,589.38,45.93,122.88,1,-1,-1,-1
1152,218,498.61,262.88,44.96,106.52,1,-1,-1,-1
1153,190,376.38,239.42,50.73,98.02,1,-1,-1,-1
1153,212,1125.34,589.16,46.24,123.53,1,-1,-1,-1
1154,190,376.71,238.86,50.80,97.91,1,-1,-1,-1
1154,212,1125.34,589.23,46.17,123.35,1,-1,-1,-1
1155,190,376.76,237.35,51.58,99.21,1,-1,-1,-1
1156,190,377.49,235.50,51.74,99.70,1,-1,-1,-1
1157,190,378.29,233.51,52.05,100.55,1,-1,-1,-1
1158,190,379.03,232.14,51.89,100.21,1,-1,-1,-1
1159,190,379.56,231.66,51.95,100.08,1,-1,-1,-1
1160,190,380.88,230.87,52.32,100.69,1,-1,-1,-1
1161,190,381.34,229.94,52.49,100.92,1,-1,-1,-1
1162,190,381.85,228.97,52.48,101.00,1,-1,-1,-1
1162,212,1124.12,589.99,46.81,123.92,1,-1,-1,-1
1163,190,382.70,227.99,52.45,101.03,1,-1,-1,-1
1163,212,1124.22,590.02,47.20,124.66,1,-1,-1,-1
1164,190,383.81,227.65,52.12,100.38,1,-1,-1,-1
1164,212,1124.23,590.03,47.39,124.90,1,-1,-1,-1
1165,190,384.58,228.23,51.90,100.13,1,-1,-1,-1
1165,212,1124.42,590.04,47.09,123.67,1,-1,-1,-1
1166,190,385.53,227.82,51.77,100.04,1,-1,-1,-1
1166,212,1124.45,590.03,47.05,123.20,1,-1,-1,-1
1167,190,386.12,227.03,51.20,99.34,1,-1,-1,-1
1167,212,1124.61,589.37,47.41,124.35,1,-1,-1,-1
1168,190,387.31,226.10,51.65,100.41,1,-1,-1,-1
1168,212,1124.70,589.78,47.50,124.79,1,-1,-1,-1
1169,190,387.98,224.46,51.96,101.47,1,-1,-1,-1
1169,212,1124.85,589.93,47.29,124.29,1,-1,-1,-1
1169,220,1017.99,760.19,63.48,118.81,1,-1,-1,-1
1170,190,388.72,223.60,52.03,101.60,1,-1,-1,-1
1170,212,1124.91,590.65,47.20,124.10,1,-1,-1,-1
1170,220,1016.78,759.12,63.94,119.88,1,-1,-1,-1
1171,212,1124.83,590.26,47.37,124.69,1,-1,-1,-1
1171,220,1016.07,758.31,64.37,120.69,1,-1,-1,-1
1172,190,389.21,221.14,51.98,101.98,1,-1,-1,-1
1172,212,1124.71,590.11,47.61,125.57,1,-1,-1,-1
1173,190,389.84,220.21,52.05,102.13,1,-1,-1,-1
1173,212,1124.71,590.14,47.67,125.72,1,-1,-1,-1
1174,220,1010.19,754.12,66.13,124.88,1,-1,-1,-1
1175,190,390.96,218.90,52.14,102.91,1,-1,-1,-1
1175,212,1124.67,589.19,47.69,126.00,1,-1,-1,-1
1175,220,1008.94,751.61,66.95,127.39,1,-1,-1,-1
1176,190,392.35,218.69,51.78,102.35,1,-1,-1,-1
1176,212,1124.91,589.72,47.19,124.68,1,-1,-1,-1
1176,220,1007.59,750.32,67.63,128.68,1,-1,-1,-1
1177,190,393.03,217.88,51.84,102.47,1,-1,-1,-1
1177,212,1124.99,589.24,47.03,124.22,1,-1,-1,-1
1178,212,1125.30,589.72,47.07,124.72,1,-1,-1,-1
1179,190,394.03,217.73,50.36,99.58,1,-1,-1,-1
1179,212,1125.35,589.73,47.08,124.72,1,-1,-1,-1
1179,220,1001.76,746.05,68.12,131.17,1,-1,-1,-1
1180,190,394.67,217.07,50.27,99.39,1,-1,-1,-1
1180,212,1125.35,589.94,47.28,125.72,1,-1,-1,-1
1180,220,1000.98,743.54,68.44,133.48,1,-1,-1,-1
1181,190,394.88,215.29,49.62,98.24,1,-1,-1,-1
1181,212,1125.12,589.99,47.11,125.27,1,-1,-1,-1
1181,220,999.45,742.08,69.10,134.75,1,-1,-1,-1
1182,190,395.98,214.16,48.86,96.62,1,-1,-1,-1
1182,212,1125.13,590.02,47.13,125.32,1,-1,-1,-1
1183,190,396.63,213.34,48.64,96.18,1,-1,-1,-1
1184,190,397.21,212.90,49.37,97.52,1,-1,-1,-1
1184,212,1125.23,590.01,47.45,126.75,1,-1,-1,-1
1185,190,397.66,212.04,49.66,97.77,1,-1,-1,-1
1185,212,1125.32,590.01,47.36,126.98,1,-1,-1,-1
1186,190,398.03,211.75,49.34,97.19,1,-1,-1,-1
1186,212,1125.40,590.01,47.23,127.06,1,-1,-1,-1
1187,190,398.42,211.01,49.32,96.99,1,-1,-1,-1
1187,212,1125.46,590.01,47.11,127.08,1,-1,-1,-1
1188,190,398.53,210.76,49.36,96.92,1,-1,-1,-1
1188,212,1125.47,590.02,47.17,127.24,1,-1,-1,-1
1189,190,399.06,210.08,49.25,96.71,1,-1,-1,-1
1192,212,1125.68,590.01,46.67,126.17,1,-1,-1,-1
1193,212,1125.73,590.00,46.55,126.05,1,-1,-1,-1
1194,212,1125.75,590.01,46.55,126.05,1,-1,-1,-1
1195,212,1125.90,590.00,46.23,125.23,1,-1,-1,-1
1196,212,1125.93,590.01,46.19,125.14,1,-1,-1,-1
1197,212,1126.28,590.00,46.24,125.80,1,-1,-1,-1
1198,212,1126.22,590.00,46.54,127.28,1,-1,-1,-1
1199,212,1125.97,589.34,46.44,127.15,1,-1,-1,-1
1200,212,1125.68,589.09,46.77,128.41,1,-1,-1,-1
1201,212,1125.64,589.00,46.86,128.66,1,-1,-1,-1
1203,212,1125.71,589.82,46.61,128.18,1,-1,-1,-1
1204,212,1125.67,589.82,46.66,128.33,1,-1,-1,-1
1206,212,1125.10,589.13,47.81,132.35,1,-1,-1,-1
1207,212,1125.01,589.02,47.97,133.63,1,-1,-1,-1
1208,212,1124.96,588.98,48.07,134.73,1,-1,-1,-1
1209,212,1124.82,589.63,48.35,136.44,1,-1,-1,-1
1210,212,1124.57,589.88,48.21,136.41,1,-1,-1,-1
1211,212,1124.79,589.31,48.16,137.03,1,-1,-1,-1
1212,212,1124.66,589.10,47.92,136.58,1,-1,-1,-1
1213,212,1124.92,589.68,47.87,137.05,1,-1,-1,-1
1214,212,1125.08,589.90,47.73,137.20,1,-1,-1,-1
1215,212,1124.62,589.32,48.07,138.56,1,-1,-1,-1
1216,212,1124.49,589.30,48.27,139.15,1,-1,-1,-1
1217,212,1124.56,589.84,47.92,138.39,1,-1,-1,-1
1218,212,1124.45,589.87,48.07,138.85,1,-1,-1,-1
1219,212,1125.04,588.41,47.68,138.28,1,-1,-1,-1
1220,212,1124.99,588.29,47.80,138.63,1,-1,-1,-1
1226,212,1125.03,588.92,47.93,140.04,1,-1,-1,-1
1227,212,1124.99,588.91,48.03,140.34,1,-1,-1,-1
1228,212,1125.39,589.77,47.23,138.55,1,-1,-1,-1
1229,212,1125.61,589.95,46.79,137.52,1,-1,-1,-1
1230,212,1125.63,590.04,46.78,137.50,1,-1,-1,-1
1250,212,1125.28,589.02,46.45,136.01,1,-1,-1,-1
1251,212,1124.76,589.69,46.77,135.98,1,-1,-1,-1
1252,212,1124.72,589.71,46.75,135.91,1,-1,-1,-1
1263,222,1052.93,527.97,49.96,118.42,1,-1,-1,-1
1264,222,1051.70,526.37,49.79,117.91,1,-1,-1,-1
1265,222,1050.73,525.57,49.48,117.19,1,-1,-1,-1
1268,212,1125.21,585.05,47.54,139.95,1,-1,-1,-1
1269,212,1125.22,584.80,47.61,140.16,1,-1,-1,-1
1274,212,1125.19,583.97,47.65,141.95,1,-1,-1,-1
1275,212,1125.17,583.75,47.74,142.22,1,-1,-1,-1
1320,230,319.77,741.65,67.64,136.61,1,-1,-1,-1
1321,230,319.14,739.33,68.56,138.75,1,-1,-1,-1
1322,230,317.92,737.19,69.46,140.83,1,-1,-1,-1
1323,230,317.81,735.12,69.91,142.17,1,-1,-1,-1
1324,230,317.57,733.78,69.82,142.56,1,-1,-1,-1
1325,230,316.89,732.02,70.52,143.99,1,-1,-1,-1
1330,231,11.79,315.40,53.45,116.02,1,-1,-1,-1
1331,231,12.02,313.29,53.82,116.81,1,-1,-1,-1
1332,231,11.88,311.94,54.34,117.79,1,-1,-1,-1
1333,231,12.89,310.85,54.51,118.10,1,-1,-1,-1
1334,231,13.70,309.84,54.35,117.48,1,-1,-1,-1
1335,231,14.31,308.85,54.29,117.24,1,-1,-1,-1
1336,231,15.17,307.87,54.30,117.14,1,-1,-1,-1
1337,231,15.69,306.66,54.37,117.29,1,-1,-1,-1
1345,232,671.70,759.88,75.47,119.12,1,-1,-1,-1
1346,232,670.36,758.10,76.38,120.90,1,-1,-1,-1
1347,232,668.58,756.15,77.27,122.85,1,-1,-1,-1
1348,232,666.66,754.14,78.13,124.86,1,-1,-1,-1
1349,232,665.16,752.12,78.78,126.88,1,-1,-1,-1
1350,232,663.53,750.33,79.90,128.67,1,-1,-1,-1
1354,231,41.86,283.03,52.00,111.08,1,-1,-1,-1
1355,231,43.31,281.66,51.85,110.77,1,-1,-1,-1
1409,238,527.73,294.97,49.53,111.26,1,-1,-1,-1
1410,238,527.95,294.14,49.11,110.31,1,-1,-1,-1
1411,238,528.01,293.62,48.98,110.01,1,-1,-1,-1
1412,240,1126.47,557.98,45.28,134.78,1,-1,-1,-1
1413,240,1126.25,557.80,45.39,135.10,1,-1,-1,-1
1414,240,1126.27,557.95,45.40,135.05,1,-1,-1,-1
1415,240,1126.12,557.86,45.48,135.28,1,-1,-1,-1
1423,238,527.31,273.11,50.38,112.95,1,-1,-1,-1
1424,238,527.27,271.60,50.45,113.10,1,-1,-1,-1
1438,241,811.05,331.98,54.65,112.22,1,-1,-1,-1
1439,241,811.20,331.80,54.50,111.90,1,-1,-1,-1
1440,241,809.32,330.19,55.72,114.59,1,-1,-1,-1
1441,241,808.92,329.63,55.95,115.08,1,-1,-1,-1
1447,241,811.07,322.14,53.67,110.27,1,-1,-1,-1
1448,241,811.14,321.16,53.52,109.97,1,-1,-1,-1
1449,241,811.37,318.41,53.22,109.12,1,-1,-1,-1
1450,241,811.46,317.22,53.04,108.76,1,-1,-1,-1
1451,241,811.11,316.01,52.98,108.08,1,-1,-1,-1
1452,241,811.17,314.82,52.78,107.68,1,-1,-1,-1
1454,241,810.39,313.78,53.35,108.70,1,-1,-1,-1
1455,241,810.36,312.73,53.25,108.49,1,-1,-1,-1
1472,246,122.62,774.00,59.97,105.00,1,-1,-1,-1
1472,247,1127.60,557.52,44.57,139.79,1,-1,-1,-1
1473,246,122.48,774.00,60.01,105.00,1,-1,-1,-1
1473,247,1127.79,557.19,44.40,139.31,1,-1,-1,-1
1474,246,122.82,774.00,60.01,105.00,1,-1,-1,-1
1474,247,1127.35,556.33,44.59,139.86,1,-1,-1,-1
1475,246,122.81,774.00,60.01,105.00,1,-1,-1,-1
1475,247,1127.28,556.14,44.68,140.13,1,-1,-1,-1
1476,246,122.96,774.00,60.01,105.00,1,-1,-1,-1
1477,246,122.98,774.00,60.01,105.00,1,-1,-1,-1
1481,246,123.24,774.93,59.53,104.07,1,-1,-1,-1
1482,246,123.28,775.04,59.47,103.96,1,-1,-1,-1
1486,246,121.79,775.04,59.67,103.96,1,-1,-1,-1
1487,246,121.68,775.10,59.63,103.90,1,-1,-1,-1
1490,246,121.37,775.92,59.29,103.08,1,-1,-1,-1
1491,246,121.27,776.05,59.22,102.95,1,-1,-1,-1
1492,246,121.28,776.04,59.33,102.96,1,-1,-1,-1
1493,246,121.40,776.73,59.10,102.27,1,-1,-1,-1
1494,246,121.35,776.90,59.00,102.10,1,-1,-1,-1
1497,246,121.42,777.05,59.07,101.95,1,-1,-1,-1
1498,246,121.21,776.37,59.50,102.63,1,-1,-1,-1
1499,246,121.13,776.14,59.67,102.86,1,-1,-1,-1
1500,246,120.59,776.72,59.44,102.28,1,-1,-1,-1
1501,246,120.71,775.61,60.03,103.39,1,-1,-1,-1
1502,246,120.77,775.19,60.23,103.81,1,-1,-1,-1
1503,246,121.63,775.69,59.97,103.31,1,-1,-1,-1
1504,246,121.29,775.89,59.88,103.11,1,-1,-1,-1
1505,246,121.29,775.89,59.88,103.11,1,-1,-1,-1
1507,246,121.27,775.14,60.38,103.86,1,-1,-1,-1
1508,246,121.27,775.06,60.43,103.94,1,-1,-1,-1
1509,246,120.71,774.21,60.80,104.79,1,-1,-1,-1
1510,246,120.63,774.02,60.80,104.98,1,-1,-1,-1
1511,246,120.56,773.86,60.89,105.14,1,-1,-1,-1
1513,246,121.05,772.24,61.58,106.76,1,-1,-1,-1
1514,246,121.03,771.95,61.74,107.05,1,-1,-1,-1
1518,246,122.17,771.89,61.52,107.11,1,-1,-1,-1
1519,246,121.93,771.22,61.49,107.78,1,-1,-1,-1
1520,246,121.95,770.98,61.62,108.02,1,-1,-1,-1
1521,246,122.26,770.94,61.42,108.06,1,-1,-1,-1
1522,246,122.30,770.72,61.55,108.28,1,-1,-1,-1
1571,250,8.56,311.86,52.25,105.57,1,-1,-1,-1
1572,250,8.84,310.05,52.49,106.10,1,-1,-1,-1
1573,250,9.23,308.35,52.85,106.82,1,-1,-1,-1
1574,250,11.47,307.80,52.53,106.23,1,-1,-1,-1
1575,250,12.32,307.53,52.43,106.19,1,-1,-1,-1
1576,250,13.12,306.31,52.60,106.53,1,-1,-1,-1
1663,255,133.33,750.47,58.29,128.55,1,-1,-1,-1
1664,255,132.95,750.18,58.50,129.01,1,-1,-1,-1
1665,255,133.62,749.99,58.50,129.06,1,-1,-1,-1
1666,255,134.10,749.93,58.45,129.11,1,-1,-1,-1
1667,255,134.14,749.21,58.66,129.82,1,-1,-1,-1
1668,255,133.51,748.97,58.65,130.06,1,-1,-1,-1
1669,255,133.62,748.89,58.64,130.13,1,-1,-1,-1
1670,255,133.68,748.88,58.60,130.14,1,-1,-1,-1
1671,255,133.71,748.88,58.56,130.13,1,-1,-1,-1
1672,255,133.87,749.57,58.24,129.45,1,-1,-1,-1
1673,255,133.65,749.83,58.04,129.19,1,-1,-1,-1
1674,255,134.38,750.60,57.65,128.42,1,-1,-1,-1
1675,255,134.42,750.65,57.63,128.38,1,-1,-1,-1
1676,255,135.60,750.94,57.26,128.07,1,-1,-1,-1
1677,255,136.37,751.69,56.85,127.32,1,-1,-1,-1
1678,255,137.04,751.95,56.57,127.06,1,-1,-1,-1
1679,255,137.31,752.12,56.50,126.90,1,-1,-1,-1
1693,255,139.58,753.02,55.88,125.98,1,-1,-1,-1
1694,255,139.75,753.10,55.84,125.90,1,-1,-1,-1
1696,255,141.20,754.75,55.30,124.26,1,-1,-1,-1
1697,255,141.37,754.99,55.32,124.01,1,-1,-1,-1
1698,255,141.25,755.74,55.00,123.26,1,-1,-1,-1
1699,255,142.12,756.01,55.04,122.99,1,-1,-1,-1
1700,255,142.45,756.30,54.91,122.70,1,-1,-1,-1
1838,257,751.02,742.64,77.33,136.36,1,-1,-1,-1
1839,257,749.37,740.33,78.51,138.67,1,-1,-1,-1
1840,257,747.06,738.18,79.59,140.82,1,-1,-1,-1
1841,257,744.93,734.71,80.61,142.88,1,-1,-1,-1
1842,257,743.21,732.55,81.66,144.73,1,-1,-1,-1
1843,257,743.29,730.88,81.79,145.30,1,-1,-1,-1
1844,257,743.01,729.63,81.49,144.91,1,-1,-1,-1
1845,257,743.51,729.24,80.91,144.06,1,-1,-1,-1
1846,257,742.73,727.83,80.68,143.70,1,-1,-1,-1
1847,257,741.62,726.71,81.62,146.19,1,-1,-1,-1
1848,257,741.32,727.01,81.14,145.77,1,-1,-1,-1
1849,257,740.95,725.87,80.88,145.56,1,-1,-1,-1
1850,257,740.04,724.51,81.30,146.32,1,-1,-1,-1
1851,257,740.24,723.03,80.29,144.68,1,-1,-1,-1
1852,257,739.82,720.53,79.52,143.70,1,-1,-1,-1
1853,257,739.36,718.34,79.21,143.34,1,-1,-1,-1
1854,257,738.77,715.59,79.98,145.19,1,-1,-1,-1
1855,257,736.99,713.30,80.15,146.53,1,-1,-1,-1
1856,257,735.12,709.86,81.33,149.65,1,-1,-1,-1
1857,257,733.50,707.31,81.69,151.47,1,-1,-1,-1
1858,257,732.35,706.41,80.97,150.83,1,-1,-1,-1
1859,257,731.10,705.49,81.09,151.86,1,-1,-1,-1
1860,257,729.74,704.55,80.98,152.22,1,-1,-1,-1
1861,257,728.06,703.60,80.07,151.02,1,-1,-1,-1
1862,257,727.01,701.99,79.96,151.19,1,-1,-1,-1
1863,257,725.69,700.12,79.21,149.92,1,-1,-1,-1
1864,257,724.37,698.82,78.67,148.75,1,-1,-1,-1
1865,257,722.95,697.07,78.41,148.30,1,-1,-1,-1
1866,257,721.34,695.15,78.58,148.13,1,-1,-1,-1
1867,257,719.62,692.50,78.99,148.72,1,-1,-1,-1
1868,257,717.68,690.91,79.19,148.94,1,-1,-1,-1
1869,257,716.31,689.71,79.30,149.02,1,-1,-1,-1
1870,257,715.42,688.67,78.89,148.39,1,-1,-1,-1
1871,257,714.58,686.35,78.51,148.14,1,-1,-1,-1
1872,257,713.58,685.55,78.53,148.71,1,-1,-1,-1
1873,257,713.09,685.30,78.18,148.26,1,-1,-1,-1
1874,257,711.89,683.85,78.19,148.27,1,-1,-1,-1
1877,257,710.91,677.29,77.58,148.03,1,-1,-1,-1
1878,257,709.83,674.51,76.78,146.63,1,-1,-1,-1
1879,257,709.00,672.24,76.13,144.82,1,-1,-1,-1
1880,257,708.10,670.80,75.81,144.16,1,-1,-1,-1
1881,257,707.15,669.02,75.61,143.79,1,-1,-1,-1
1886,257,701.25,660.94,76.54,144.80,1,-1,-1,-1
1887,257,700.21,659.23,76.47,144.67,1,-1,-1,-1
1894,257,689.25,642.23,78.73,149.73,1,-1,-1,-1
1895,257,688.95,640.72,79.06,150.02,1,-1,-1,-1
1896,257,688.13,638.23,79.28,149.46,1,-1,-1,-1
1897,257,688.31,636.71,79.14,147.92,1,-1,-1,-1
1898,257,687.86,635.55,79.54,147.99,1,-1,-1,-1
1899,257,687.23,635.19,80.02,148.67,1,-1,-1,-1
1900,257,686.10,634.47,80.07,148.27,1,-1,-1,-1
1901,257,685.79,633.60,79.92,147.45,1,-1,-1,-1
1902,257,685.41,632.01,79.81,146.48,1,-1,-1,-1
1903,257,684.40,630.15,79.57,145.45,1,-1,-1,-1
1904,257,683.59,628.85,78.41,143.08,1,-1,-1,-1
1905,257,682.84,627.29,78.15,142.60,1,-1,-1,-1
1910,257,676.38,618.10,78.51,143.75,1,-1,-1,-1
1911,257,675.48,615.44,78.10,143.87,1,-1,-1,-1
1912,257,674.38,614.55,77.56,143.25,1,-1,-1,-1
1913,257,673.42,612.95,77.21,142.36,1,-1,-1,-1
1914,257,672.13,612.42,77.03,142.03,1,-1,-1,-1
1915,257,671.28,611.62,76.45,141.25,1,-1,-1,-1
1916,257,669.59,610.05,75.75,140.31,1,-1,-1,-1
1917,257,667.41,608.19,76.00,141.30,1,-1,-1,-1
1918,257,665.92,606.89,75.56,141.02,1,-1,-1,-1
1919,257,663.86,605.13,75.85,142.25,1,-1,-1,-1
1920,257,662.33,603.87,75.58,142.06,1,-1,-1,-1
1921,257,661.49,602.79,74.79,140.67,1,-1,-1,-1
1922,257,660.72,601.11,74.87,140.81,1,-1,-1,-1
1923,257,660.32,599.88,75.20,141.53,1,-1,-1,-1
1924,257,659.34,599.47,75.11,141.15,1,-1,-1,-1
1925,257,659.89,598.04,75.33,141.67,1,-1,-1,-1
1926,257,659.78,598.22,74.79,140.55,1,-1,-1,-1
1927,257,658.90,597.04,74.70,140.38,1,-1,-1,-1
1935,257,654.47,585.10,74.83,140.93,1,-1,-1,-1
1936,257,653.78,583.73,74.81,140.90,1,-1,-1,-1
1938,257,650.39,581.85,76.61,143.53,1,-1,-1,-1
1939,257,649.88,581.54,76.84,143.24,1,-1,-1,-1
1940,257,648.85,581.44,76.68,142.48,1,-1,-1,-1
1941,257,648.03,580.38,76.72,142.55,1,-1,-1,-1
1950,259,591.38,741.16,61.24,132.81,1,-1,-1,-1
1951,259,591.22,740.11,61.55,133.49,1,-1,-1,-1
1954,259,588.17,741.75,61.97,134.08,1,-1,-1,-1
1955,259,587.51,741.15,62.07,134.14,1,-1,-1,-1
1956,259,586.43,741.65,61.80,133.48,1,-1,-1,-1
1957,259,585.75,741.49,61.89,133.69,1,-1,-1,-1
1977,259,577.48,743.96,61.99,132.04,1,-1,-1,-1
1978,259,577.10,744.72,62.53,131.99,1,-1,-1,-1
1979,259,576.73,745.64,62.53,131.31,1,-1,-1,-1
1980,259,576.41,746.64,62.25,130.38,1,-1,-1,-1
1981,259,576.07,747.00,62.14,130.14,1,-1,-1,-1
1995,259,573.94,747.06,62.03,129.96,1,-1,-1,-1
1996,259,573.75,747.13,62.01,129.91,1,-1,-1,-1
2003,259,574.04,744.16,62.74,129.98,1,-1,-1,-1
2004,259,573.62,743.99,62.99,129.99,1,-1,-1,-1
2005,259,573.56,743.78,62.99,129.97,1,-1,-1,-1
2016,261,-0.79,713.81,54.77,133.28,1,-1,-1,-1
2017,261,-1.18,711.44,54.86,133.51,1,-1,-1,-1
2102,265,190.32,646.22,55.13,124.97,1,-1,-1,-1
2103,265,189.86,645.97,54.74,124.14,1,-1,-1,-1
2104,265,189.16,645.92,54.95,124.64,1,-1,-1,-1
2105,265,188.92,645.69,54.85,124.41,1,-1,-1,-1
